60000
1, 2561, 0.989821
2561, 1, 0.989821
1, 8351, 1.214507
8351, 1, 1.214507
1, 6975, 1.541669
6975, 1, 1.541669
2, 8058, 0.243541
8058, 2, 0.243541
2, 3049, 0.644507
3049, 2, 0.644507
2, 9012, 1.123637
9012, 2, 1.123637
3, 4230, 0.912041
4230, 3, 0.912041
3, 4570, 1.012178
4570, 3, 1.012178
3, 2804, 1.313420
2804, 3, 1.313420
4, 7699, 0.058861
7699, 4, 0.058861
4, 3235, 0.127429
3235, 4, 0.127429
4, 392, 0.755013
392, 4, 0.755013
5, 8333, 0.641887
8333, 5, 0.641887
5, 1532, 0.820884
1532, 5, 0.820884
5, 6396, 0.842658
6396, 5, 0.842658
6, 9891, 0.829300
9891, 6, 0.829300
6, 80, 0.955052
80, 6, 0.955052
6, 9251, 0.961841
9251, 6, 0.961841
7, 5024, 0.296572
5024, 7, 0.296572
7, 8346, 0.662364
8346, 7, 0.662364
7, 4188, 0.752549
4188, 7, 0.752549
8, 1751, 0.179719
1751, 8, 0.179719
8, 4432, 0.410241
4432, 8, 0.410241
8, 8614, 0.473859
8614, 8, 0.473859
9, 1296, 0.844974
1296, 9, 0.844974
9, 850, 0.847257
850, 9, 0.847257
9, 3358, 0.875414
3358, 9, 0.875414
10, 224, 0.182367
224, 10, 0.182367
10, 130, 0.492391
130, 10, 0.492391
10, 6796, 0.695678
6796, 10, 0.695678
11, 2868, 0.423639
2868, 11, 0.423639
11, 7776, 0.881574
7776, 11, 0.881574
11, 9981, 0.961010
9981, 11, 0.961010
12, 1082, 0.230652
1082, 12, 0.230652
12, 3313, 0.812412
3313, 12, 0.812412
12, 677, 0.872632
677, 12, 0.872632
13, 5368, 1.097620
5368, 13, 1.097620
13, 9150, 1.157280
9150, 13, 1.157280
13, 1137, 1.236261
1137, 13, 1.236261
14, 7681, 0.677839
7681, 14, 0.677839
14, 9642, 0.695107
9642, 14, 0.695107
14, 6586, 0.872896
6586, 14, 0.872896
15, 7536, 0.129792
7536, 15, 0.129792
15, 8078, 0.606228
8078, 15, 0.606228
15, 4100, 0.713793
4100, 15, 0.713793
16, 2695, 0.689462
2695, 16, 0.689462
16, 2913, 0.794236
2913, 16, 0.794236
16, 6399, 0.881559
6399, 16, 0.881559
17, 3034, 0.132726
3034, 17, 0.132726
17, 2692, 0.842693
2692, 17, 0.842693
17, 2877, 1.036343
2877, 17, 1.036343
18, 5400, 0.841717
5400, 18, 0.841717
18, 7219, 0.901329
7219, 18, 0.901329
18, 2417, 0.964167
2417, 18, 0.964167
19, 1239, 0.348958
1239, 19, 0.348958
19, 2290, 0.878862
2290, 19, 0.878862
19, 7220, 1.121557
7220, 19, 1.121557
20, 360, 0.401724
360, 20, 0.401724
20, 1362, 0.470430
1362, 20, 0.470430
20, 8238, 1.216697
8238, 20, 1.216697
21, 9656, 0.492532
9656, 21, 0.492532
21, 3618, 0.819596
3618, 21, 0.819596
21, 1907, 0.856809
1907, 21, 0.856809
22, 9148, 0.557356
9148, 22, 0.557356
22, 4222, 0.750783
4222, 22, 0.750783
22, 8399, 1.513952
8399, 22, 1.513952
23, 8994, 0.785309
8994, 23, 0.785309
23, 9535, 1.040557
9535, 23, 1.040557
23, 139, 1.140765
139, 23, 1.140765
24, 4219, 0.229358
4219, 24, 0.229358
24, 8541, 0.883451
8541, 24, 0.883451
24, 4451, 0.986609
4451, 24, 0.986609
25, 3659, 0.613066
3659, 25, 0.613066
25, 9786, 1.131116
9786, 25, 1.131116
25, 3402, 1.504737
3402, 25, 1.504737
26, 7113, 0.157832
7113, 26, 0.157832
26, 4467, 0.314276
4467, 26, 0.314276
26, 1785, 0.761524
1785, 26, 0.761524
27, 5564, 0.130537
5564, 27, 0.130537
27, 2228, 0.218237
2228, 27, 0.218237
27, 3413, 0.814695
3413, 27, 0.814695
28, 2378, 0.469280
2378, 28, 0.469280
28, 5467, 0.935821
5467, 28, 0.935821
28, 470, 0.937640
470, 28, 0.937640
29, 3410, 0.216886
3410, 29, 0.216886
29, 6425, 0.671210
6425, 29, 0.671210
29, 4900, 0.847099
4900, 29, 0.847099
30, 650, 0.333030
650, 30, 0.333030
30, 7822, 0.458327
7822, 30, 0.458327
30, 8430, 0.498232
8430, 30, 0.498232
31, 9007, 1.186157
9007, 31, 1.186157
31, 1486, 1.219080
1486, 31, 1.219080
31, 8991, 1.346736
8991, 31, 1.346736
32, 3828, 1.395579
3828, 32, 1.395579
32, 9727, 1.431723
9727, 32, 1.431723
32, 4716, 1.592827
4716, 32, 1.592827
33, 1093, 0.757202
1093, 33, 0.757202
33, 5625, 1.054951
5625, 33, 1.054951
33, 5554, 1.177910
5554, 33, 1.177910
34, 7588, 0.414200
7588, 34, 0.414200
34, 9338, 0.475314
9338, 34, 0.475314
34, 6565, 0.765161
6565, 34, 0.765161
35, 480, 0.458165
480, 35, 0.458165
35, 235, 0.466267
235, 35, 0.466267
35, 44, 0.545998
44, 35, 0.545998
36, 215, 0.349428
215, 36, 0.349428
36, 3640, 0.527968
3640, 36, 0.527968
36, 3789, 0.728911
3789, 36, 0.728911
37, 7943, 0.423350
7943, 37, 0.423350
37, 5128, 0.833180
5128, 37, 0.833180
37, 307, 0.926832
307, 37, 0.926832
38, 2242, 0.655175
2242, 38, 0.655175
38, 4169, 1.003738
4169, 38, 1.003738
38, 9062, 1.004242
9062, 38, 1.004242
39, 1861, 0.523487
1861, 39, 0.523487
39, 2835, 0.579908
2835, 39, 0.579908
39, 2361, 0.763851
2361, 39, 0.763851
40, 7355, 0.154408
7355, 40, 0.154408
40, 384, 0.426562
384, 40, 0.426562
40, 7897, 0.525628
7897, 40, 0.525628
41, 3282, 0.166712
3282, 41, 0.166712
41, 7928, 0.527765
7928, 41, 0.527765
41, 2763, 0.841565
2763, 41, 0.841565
42, 5046, 0.228626
5046, 42, 0.228626
42, 2631, 0.731260
2631, 42, 0.731260
42, 8112, 0.854620
8112, 42, 0.854620
43, 7254, 0.951729
7254, 43, 0.951729
43, 6071, 0.952979
6071, 43, 0.952979
43, 3005, 1.079597
3005, 43, 1.079597
44, 406, 0.246869
406, 44, 0.246869
44, 480, 0.445118
480, 44, 0.445118
44, 35, 0.545998
35, 44, 0.545998
45, 6557, 0.624520
6557, 45, 0.624520
45, 6296, 0.838831
6296, 45, 0.838831
45, 1105, 0.901918
1105, 45, 0.901918
46, 345, 1.008546
345, 46, 1.008546
46, 2996, 1.153773
2996, 46, 1.153773
46, 2669, 1.276213
2669, 46, 1.276213
47, 7289, 0.584509
7289, 47, 0.584509
47, 6063, 0.778782
6063, 47, 0.778782
47, 3795, 0.970053
3795, 47, 0.970053
48, 8519, 0.697079
8519, 48, 0.697079
48, 8916, 0.982036
8916, 48, 0.982036
48, 7278, 1.108570
7278, 48, 1.108570
49, 7534, 0.324495
7534, 49, 0.324495
49, 9083, 0.425487
9083, 49, 0.425487
49, 5326, 1.012036
5326, 49, 1.012036
50, 8434, 0.668348
8434, 50, 0.668348
50, 525, 0.752748
525, 50, 0.752748
50, 9495, 0.913649
9495, 50, 0.913649
51, 706, 0.313531
706, 51, 0.313531
51, 705, 0.499675
705, 51, 0.499675
51, 9387, 0.521365
9387, 51, 0.521365
52, 485, 0.100643
485, 52, 0.100643
52, 7236, 0.258089
7236, 52, 0.258089
52, 409, 0.602958
409, 52, 0.602958
53, 687, 0.336295
687, 53, 0.336295
53, 8873, 0.616781
8873, 53, 0.616781
53, 6819, 0.736077
6819, 53, 0.736077
54, 5082, 0.501701
5082, 54, 0.501701
54, 1740, 1.062125
1740, 54, 1.062125
54, 2112, 1.458186
2112, 54, 1.458186
55, 7580, 0.849442
7580, 55, 0.849442
55, 9857, 0.979943
9857, 55, 0.979943
55, 5692, 1.068469
5692, 55, 1.068469
56, 8046, 0.198654
8046, 56, 0.198654
56, 4411, 0.833623
4411, 56, 0.833623
56, 2711, 0.900949
2711, 56, 0.900949
57, 4317, 0.334136
4317, 57, 0.334136
57, 9118, 0.458056
9118, 57, 0.458056
57, 2959, 0.649764
2959, 57, 0.649764
58, 3835, 0.544361
3835, 58, 0.544361
58, 7653, 0.682412
7653, 58, 0.682412
58, 9561, 1.002946
9561, 58, 1.002946
59, 567, 0.737363
567, 59, 0.737363
59, 5157, 0.771506
5157, 59, 0.771506
59, 5227, 1.154024
5227, 59, 1.154024
60, 3527, 0.336332
3527, 60, 0.336332
60, 9851, 0.990417
9851, 60, 0.990417
60, 4934, 1.104023
4934, 60, 1.104023
61, 9624, 0.289930
9624, 61, 0.289930
61, 2943, 0.513703
2943, 61, 0.513703
61, 8243, 1.023465
8243, 61, 1.023465
62, 8858, 0.595102
8858, 62, 0.595102
62, 8517, 0.826450
8517, 62, 0.826450
62, 9996, 1.313435
9996, 62, 1.313435
63, 4337, 0.126035
4337, 63, 0.126035
63, 3419, 0.298233
3419, 63, 0.298233
63, 796, 0.410042
796, 63, 0.410042
64, 1840, 0.340420
1840, 64, 0.340420
64, 7587, 0.403414
7587, 64, 0.403414
64, 8308, 0.973346
8308, 64, 0.973346
65, 6235, 0.227032
6235, 65, 0.227032
65, 3183, 0.234635
3183, 65, 0.234635
65, 1852, 0.260310
1852, 65, 0.260310
66, 8174, 0.242521
8174, 66, 0.242521
66, 4834, 0.766171
4834, 66, 0.766171
66, 7696, 0.814727
7696, 66, 0.814727
67, 7327, 0.191391
7327, 67, 0.191391
67, 4555, 1.394683
4555, 67, 1.394683
67, 8396, 1.560781
8396, 67, 1.560781
68, 2671, 0.141450
2671, 68, 0.141450
68, 9170, 0.808585
9170, 68, 0.808585
68, 5015, 1.138665
5015, 68, 1.138665
69, 1516, 0.402604
1516, 69, 0.402604
69, 7736, 0.822223
7736, 69, 0.822223
69, 6651, 1.341991
6651, 69, 1.341991
70, 2880, 0.706624
2880, 70, 0.706624
70, 7110, 1.266526
7110, 70, 1.266526
70, 5035, 1.279696
5035, 70, 1.279696
71, 3388, 0.647221
3388, 71, 0.647221
71, 3036, 0.704071
3036, 71, 0.704071
71, 7344, 0.782426
7344, 71, 0.782426
72, 2971, 1.000304
2971, 72, 1.000304
72, 6503, 1.235136
6503, 72, 1.235136
72, 1423, 1.410430
1423, 72, 1.410430
73, 1645, 1.141273
1645, 73, 1.141273
73, 7293, 1.189957
7293, 73, 1.189957
73, 3652, 1.216751
3652, 73, 1.216751
74, 7727, 0.755187
7727, 74, 0.755187
74, 5470, 0.922797
5470, 74, 0.922797
74, 201, 0.971367
201, 74, 0.971367
75, 796, 0.450694
796, 75, 0.450694
75, 4337, 0.538824
4337, 75, 0.538824
75, 63, 0.608231
63, 75, 0.608231
76, 6495, 1.130229
6495, 76, 1.130229
76, 5819, 1.250812
5819, 76, 1.250812
76, 8508, 1.285152
8508, 76, 1.285152
77, 1487, 0.584782
1487, 77, 0.584782
77, 1977, 0.728555
1977, 77, 0.728555
77, 4048, 0.790025
4048, 77, 0.790025
78, 8431, 0.401756
8431, 78, 0.401756
78, 7570, 0.494972
7570, 78, 0.494972
78, 5217, 0.706871
5217, 78, 0.706871
79, 9892, 0.603104
9892, 79, 0.603104
79, 1150, 0.888093
1150, 79, 0.888093
79, 2701, 1.154468
2701, 79, 1.154468
80, 3901, 0.464477
3901, 80, 0.464477
80, 5135, 0.525209
5135, 80, 0.525209
80, 6, 0.955052
6, 80, 0.955052
81, 4870, 0.543211
4870, 81, 0.543211
81, 6694, 0.574141
6694, 81, 0.574141
81, 3980, 0.848361
3980, 81, 0.848361
82, 882, 0.600438
882, 82, 0.600438
82, 710, 0.766702
710, 82, 0.766702
82, 3504, 0.887214
3504, 82, 0.887214
83, 3444, 0.673172
3444, 83, 0.673172
83, 1796, 0.730266
1796, 83, 0.730266
83, 4062, 0.959934
4062, 83, 0.959934
84, 8987, 0.656646
8987, 84, 0.656646
84, 4816, 0.691699
4816, 84, 0.691699
84, 4422, 0.697936
4422, 84, 0.697936
85, 2286, 0.214487
2286, 85, 0.214487
85, 8961, 0.560528
8961, 85, 0.560528
85, 8701, 0.596150
8701, 85, 0.596150
86, 5530, 0.816184
5530, 86, 0.816184
86, 9069, 1.264759
9069, 86, 1.264759
86, 8381, 1.520698
8381, 86, 1.520698
87, 5288, 0.601200
5288, 87, 0.601200
87, 5507, 0.799041
5507, 87, 0.799041
87, 1724, 0.991517
1724, 87, 0.991517
88, 6876, 0.432877
6876, 88, 0.432877
88, 9450, 0.556468
9450, 88, 0.556468
88, 5865, 0.575385
5865, 88, 0.575385
89, 8914, 1.659489
8914, 89, 1.659489
89, 9792, 1.739690
9792, 89, 1.739690
89, 4621, 1.770381
4621, 89, 1.770381
90, 7198, 0.220153
7198, 90, 0.220153
90, 1821, 0.773277
1821, 90, 0.773277
90, 921, 0.869471
921, 90, 0.869471
91, 8779, 0.459712
8779, 91, 0.459712
91, 8979, 1.280306
8979, 91, 1.280306
91, 2744, 1.285695
2744, 91, 1.285695
92, 8476, 0.250548
8476, 92, 0.250548
92, 7784, 0.569598
7784, 92, 0.569598
92, 9607, 0.620013
9607, 92, 0.620013
93, 1795, 0.714692
1795, 93, 0.714692
93, 9430, 1.246697
9430, 93, 1.246697
93, 7734, 1.411542
7734, 93, 1.411542
94, 2840, 0.514161
2840, 94, 0.514161
94, 5184, 0.575110
5184, 94, 0.575110
94, 757, 0.661596
757, 94, 0.661596
95, 99, 0.095155
99, 95, 0.095155
95, 3509, 0.583225
3509, 95, 0.583225
95, 3732, 0.687125
3732, 95, 0.687125
96, 847, 0.587978
847, 96, 0.587978
96, 288, 0.775442
288, 96, 0.775442
96, 8374, 0.831597
8374, 96, 0.831597
97, 4707, 0.334228
4707, 97, 0.334228
97, 743, 0.387439
743, 97, 0.387439
97, 1850, 0.612029
1850, 97, 0.612029
98, 2262, 0.754416
2262, 98, 0.754416
98, 799, 0.970157
799, 98, 0.970157
98, 5270, 1.177248
5270, 98, 1.177248
99, 95, 0.095155
95, 99, 0.095155
99, 3509, 0.546969
3509, 99, 0.546969
99, 3732, 0.671293
3732, 99, 0.671293
100, 212, 0.982285
212, 100, 0.982285
100, 9431, 1.012848
9431, 100, 1.012848
100, 7606, 1.075054
7606, 100, 1.075054
101, 6791, 0.205840
6791, 101, 0.205840
101, 4869, 0.749644
4869, 101, 0.749644
101, 1948, 0.855122
1948, 101, 0.855122
102, 7172, 0.504832
7172, 102, 0.504832
102, 4549, 0.586552
4549, 102, 0.586552
102, 6502, 1.134636
6502, 102, 1.134636
103, 9359, 0.149142
9359, 103, 0.149142
103, 5529, 0.186892
5529, 103, 0.186892
103, 6447, 0.339154
6447, 103, 0.339154
104, 6847, 0.115354
6847, 104, 0.115354
104, 7582, 0.335379
7582, 104, 0.335379
104, 5410, 1.026854
5410, 104, 1.026854
105, 6942, 0.678581
6942, 105, 0.678581
105, 3094, 0.886028
3094, 105, 0.886028
105, 5773, 1.128247
5773, 105, 1.128247
106, 6169, 0.564201
6169, 106, 0.564201
106, 3469, 0.577563
3469, 106, 0.577563
106, 4345, 0.612745
4345, 106, 0.612745
107, 7378, 0.636858
7378, 107, 0.636858
107, 7865, 0.739095
7865, 107, 0.739095
107, 2702, 0.824160
2702, 107, 0.824160
108, 7996, 0.332599
7996, 108, 0.332599
108, 2150, 0.895682
2150, 108, 0.895682
108, 4529, 0.999839
4529, 108, 0.999839
109, 3353, 1.148460
3353, 109, 1.148460
109, 2522, 1.344865
2522, 109, 1.344865
109, 5403, 1.352489
5403, 109, 1.352489
110, 7756, 0.239404
7756, 110, 0.239404
110, 8241, 0.640336
8241, 110, 0.640336
110, 956, 0.689543
956, 110, 0.689543
111, 806, 0.752719
806, 111, 0.752719
111, 7866, 0.789761
7866, 111, 0.789761
111, 851, 0.863269
851, 111, 0.863269
112, 9676, 0.478620
9676, 112, 0.478620
112, 1627, 0.656446
1627, 112, 0.656446
112, 3131, 0.844754
3131, 112, 0.844754
113, 5162, 0.596186
5162, 113, 0.596186
113, 9097, 0.929173
9097, 113, 0.929173
113, 1520, 0.985868
1520, 113, 0.985868
114, 8683, 0.722713
8683, 114, 0.722713
114, 7328, 1.052338
7328, 114, 1.052338
114, 9966, 1.179304
9966, 114, 1.179304
115, 4482, 0.009867
4482, 115, 0.009867
115, 394, 0.428325
394, 115, 0.428325
115, 3214, 0.737543
3214, 115, 0.737543
116, 5535, 0.578278
5535, 116, 0.578278
116, 854, 0.748005
854, 116, 0.748005
116, 6760, 0.772637
6760, 116, 0.772637
117, 5768, 0.319228
5768, 117, 0.319228
117, 4088, 0.896038
4088, 117, 0.896038
117, 8156, 0.971252
8156, 117, 0.971252
118, 7359, 0.690406
7359, 118, 0.690406
118, 6835, 1.291555
6835, 118, 1.291555
118, 5696, 1.425707
5696, 118, 1.425707
119, 5662, 0.387836
5662, 119, 0.387836
119, 6263, 0.434457
6263, 119, 0.434457
119, 2930, 0.532701
2930, 119, 0.532701
120, 3803, 0.350727
3803, 120, 0.350727
120, 1772, 0.455704
1772, 120, 0.455704
120, 9756, 0.641163
9756, 120, 0.641163
121, 8044, 0.551662
8044, 121, 0.551662
121, 6543, 0.645940
6543, 121, 0.645940
121, 6065, 0.750259
6065, 121, 0.750259
122, 1229, 0.626802
1229, 122, 0.626802
122, 635, 0.714982
635, 122, 0.714982
122, 6109, 1.129488
6109, 122, 1.129488
123, 3859, 0.440144
3859, 123, 0.440144
123, 8009, 0.704725
8009, 123, 0.704725
123, 2158, 1.018760
2158, 123, 1.018760
124, 785, 0.692984
785, 124, 0.692984
124, 9683, 0.728347
9683, 124, 0.728347
124, 751, 0.851563
751, 124, 0.851563
125, 8340, 0.419001
8340, 125, 0.419001
125, 8261, 0.598315
8261, 125, 0.598315
125, 9070, 0.659017
9070, 125, 0.659017
126, 7069, 0.480407
7069, 126, 0.480407
126, 9185, 0.493483
9185, 126, 0.493483
126, 8002, 0.545952
8002, 126, 0.545952
127, 2314, 0.371024
2314, 127, 0.371024
127, 4638, 0.411020
4638, 127, 0.411020
127, 9639, 0.599845
9639, 127, 0.599845
128, 7405, 0.850289
7405, 128, 0.850289
128, 3894, 0.884227
3894, 128, 0.884227
128, 9150, 1.129702
9150, 128, 1.129702
129, 7783, 0.464129
7783, 129, 0.464129
129, 2248, 0.491006
2248, 129, 0.491006
129, 9432, 0.622892
9432, 129, 0.622892
130, 224, 0.347409
224, 130, 0.347409
130, 6796, 0.430632
6796, 130, 0.430632
130, 10, 0.492391
10, 130, 0.492391
131, 582, 0.461635
582, 131, 0.461635
131, 3956, 0.480811
3956, 131, 0.480811
131, 6813, 0.994419
6813, 131, 0.994419
132, 3823, 0.166525
3823, 132, 0.166525
132, 195, 0.791014
195, 132, 0.791014
132, 1718, 1.051909
1718, 132, 1.051909
133, 999, 0.455866
999, 133, 0.455866
133, 9753, 0.518541
9753, 133, 0.518541
133, 5482, 1.176802
5482, 133, 1.176802
134, 7268, 0.293195
7268, 134, 0.293195
134, 3748, 0.456640
3748, 134, 0.456640
134, 6653, 0.913897
6653, 134, 0.913897
135, 370, 0.549368
370, 135, 0.549368
135, 9413, 0.969504
9413, 135, 0.969504
135, 4635, 0.983159
4635, 135, 0.983159
136, 5722, 0.732574
5722, 136, 0.732574
136, 4616, 0.958541
4616, 136, 0.958541
136, 4452, 0.976596
4452, 136, 0.976596
137, 9730, 0.147474
9730, 137, 0.147474
137, 7787, 0.549331
7787, 137, 0.549331
137, 9262, 0.875818
9262, 137, 0.875818
138, 9212, 0.462974
9212, 138, 0.462974
138, 3508, 0.581577
3508, 138, 0.581577
138, 277, 0.583955
277, 138, 0.583955
139, 9535, 0.215724
9535, 139, 0.215724
139, 8818, 0.499254
8818, 139, 0.499254
139, 8473, 0.753878
8473, 139, 0.753878
140, 1342, 0.393265
1342, 140, 0.393265
140, 8619, 1.287829
8619, 140, 1.287829
140, 7503, 1.484423
7503, 140, 1.484423
141, 7563, 0.671835
7563, 141, 0.671835
141, 9667, 0.729545
9667, 141, 0.729545
141, 6428, 0.742902
6428, 141, 0.742902
142, 8290, 0.405468
8290, 142, 0.405468
142, 6135, 0.430196
6135, 142, 0.430196
142, 2305, 0.523231
2305, 142, 0.523231
143, 2986, 0.726319
2986, 143, 0.726319
143, 3617, 0.780292
3617, 143, 0.780292
143, 6046, 0.840984
6046, 143, 0.840984
144, 9847, 0.161841
9847, 144, 0.161841
144, 8882, 0.220411
8882, 144, 0.220411
144, 3004, 0.388131
3004, 144, 0.388131
145, 4716, 0.200601
4716, 145, 0.200601
145, 4191, 0.634044
4191, 145, 0.634044
145, 9647, 1.122152
9647, 145, 1.122152
146, 6140, 0.682939
6140, 146, 0.682939
146, 7956, 0.838084
7956, 146, 0.838084
146, 4635, 1.049109
4635, 146, 1.049109
147, 4748, 0.221548
4748, 147, 0.221548
147, 9945, 0.513166
9945, 147, 0.513166
147, 921, 0.756469
921, 147, 0.756469
148, 4992, 0.477293
4992, 148, 0.477293
148, 6578, 0.975517
6578, 148, 0.975517
148, 2161, 1.064329
2161, 148, 1.064329
149, 901, 0.352037
901, 149, 0.352037
149, 5453, 0.897793
5453, 149, 0.897793
149, 1994, 1.023776
1994, 149, 1.023776
150, 4694, 0.115212
4694, 150, 0.115212
150, 4455, 0.610051
4455, 150, 0.610051
150, 4348, 0.838667
4348, 150, 0.838667
151, 6103, 0.482433
6103, 151, 0.482433
151, 460, 0.748830
460, 151, 0.748830
151, 6300, 1.268862
6300, 151, 1.268862
152, 3430, 0.526581
3430, 152, 0.526581
152, 1429, 0.692574
1429, 152, 0.692574
152, 6890, 0.808965
6890, 152, 0.808965
153, 3149, 0.366543
3149, 153, 0.366543
153, 3769, 0.383192
3769, 153, 0.383192
153, 1337, 0.388983
1337, 153, 0.388983
154, 4198, 0.712585
4198, 154, 0.712585
154, 811, 1.250607
811, 154, 1.250607
154, 3229, 1.590624
3229, 154, 1.590624
155, 1615, 0.561448
1615, 155, 0.561448
155, 2113, 0.765675
2113, 155, 0.765675
155, 5210, 1.009899
5210, 155, 1.009899
156, 3222, 0.245548
3222, 156, 0.245548
156, 4085, 0.255695
4085, 156, 0.255695
156, 3846, 0.849642
3846, 156, 0.849642
157, 4715, 0.357416
4715, 157, 0.357416
157, 3124, 0.879674
3124, 157, 0.879674
157, 8891, 1.044028
8891, 157, 1.044028
158, 1921, 1.042784
1921, 158, 1.042784
158, 1428, 1.188922
1428, 158, 1.188922
158, 414, 1.576605
414, 158, 1.576605
159, 763, 0.095831
763, 159, 0.095831
159, 4947, 0.385515
4947, 159, 0.385515
159, 5568, 0.490447
5568, 159, 0.490447
160, 9498, 0.662484
9498, 160, 0.662484
160, 9422, 0.721123
9422, 160, 0.721123
160, 3091, 0.748746
3091, 160, 0.748746
161, 1634, 0.688342
1634, 161, 0.688342
161, 8050, 0.880860
8050, 161, 0.880860
161, 6455, 1.141935
6455, 161, 1.141935
162, 5324, 0.394193
5324, 162, 0.394193
162, 6708, 0.614865
6708, 162, 0.614865
162, 7529, 0.619952
7529, 162, 0.619952
163, 1802, 0.655766
1802, 163, 0.655766
163, 6240, 0.795389
6240, 163, 0.795389
163, 1026, 0.876075
1026, 163, 0.876075
164, 6840, 0.370690
6840, 164, 0.370690
164, 8240, 0.788400
8240, 164, 0.788400
164, 5197, 0.889156
5197, 164, 0.889156
165, 6699, 0.402848
6699, 165, 0.402848
165, 1072, 0.517714
1072, 165, 0.517714
165, 5838, 0.662195
5838, 165, 0.662195
166, 2933, 0.468231
2933, 166, 0.468231
166, 951, 0.531675
951, 166, 0.531675
166, 3720, 0.692993
3720, 166, 0.692993
167, 5688, 0.333142
5688, 167, 0.333142
167, 9877, 0.727969
9877, 167, 0.727969
167, 8150, 0.760335
8150, 167, 0.760335
168, 6738, 0.545868
6738, 168, 0.545868
168, 3802, 0.734635
3802, 168, 0.734635
168, 7368, 1.015938
7368, 168, 1.015938
169, 2142, 1.018682
2142, 169, 1.018682
169, 1494, 1.114686
1494, 169, 1.114686
169, 9912, 1.149293
9912, 169, 1.149293
170, 603, 0.857118
603, 170, 0.857118
170, 2265, 1.239606
2265, 170, 1.239606
170, 7805, 1.352255
7805, 170, 1.352255
171, 4138, 0.060975
4138, 171, 0.060975
171, 1400, 0.387542
1400, 171, 0.387542
171, 4684, 0.618913
4684, 171, 0.618913
172, 8454, 0.195163
8454, 172, 0.195163
172, 7596, 0.423105
7596, 172, 0.423105
172, 2896, 0.839154
2896, 172, 0.839154
173, 917, 0.774531
917, 173, 0.774531
173, 4933, 0.816201
4933, 173, 0.816201
173, 3751, 0.889060
3751, 173, 0.889060
174, 1929, 0.293839
1929, 174, 0.293839
174, 8066, 0.395574
8066, 174, 0.395574
174, 4429, 0.458691
4429, 174, 0.458691
175, 2417, 0.569260
2417, 175, 0.569260
175, 1278, 0.847380
1278, 175, 0.847380
175, 5400, 0.847701
5400, 175, 0.847701
176, 8295, 1.123300
8295, 176, 1.123300
176, 6766, 1.255582
6766, 176, 1.255582
176, 7856, 1.379910
7856, 176, 1.379910
177, 5079, 0.190443
5079, 177, 0.190443
177, 6360, 0.222795
6360, 177, 0.222795
177, 9438, 0.578056
9438, 177, 0.578056
178, 9820, 0.238194
9820, 178, 0.238194
178, 522, 0.245029
522, 178, 0.245029
178, 1097, 1.120014
1097, 178, 1.120014
179, 454, 0.127570
454, 179, 0.127570
179, 4450, 0.273742
4450, 179, 0.273742
179, 2472, 0.881769
2472, 179, 0.881769
180, 7498, 0.641275
7498, 180, 0.641275
180, 7918, 0.733833
7918, 180, 0.733833
180, 3425, 1.112258
3425, 180, 1.112258
181, 8247, 0.414104
8247, 181, 0.414104
181, 7293, 0.883616
7293, 181, 0.883616
181, 446, 0.926224
446, 181, 0.926224
182, 9776, 0.562139
9776, 182, 0.562139
182, 7010, 0.828297
7010, 182, 0.828297
182, 4072, 0.856210
4072, 182, 0.856210
183, 405, 0.496771
405, 183, 0.496771
183, 5716, 0.575316
5716, 183, 0.575316
183, 9889, 1.108946
9889, 183, 1.108946
184, 5034, 0.353508
5034, 184, 0.353508
184, 8538, 1.095942
8538, 184, 1.095942
184, 6267, 1.121458
6267, 184, 1.121458
185, 3651, 0.677699
3651, 185, 0.677699
185, 1451, 0.776787
1451, 185, 0.776787
185, 3236, 0.854496
3236, 185, 0.854496
186, 7388, 0.586377
7388, 186, 0.586377
186, 6152, 0.627966
6152, 186, 0.627966
186, 5322, 0.952433
5322, 186, 0.952433
187, 977, 0.563490
977, 187, 0.563490
187, 1984, 0.745748
1984, 187, 0.745748
187, 7646, 1.277035
7646, 187, 1.277035
188, 8320, 0.693663
8320, 188, 0.693663
188, 5337, 0.722143
5337, 188, 0.722143
188, 5164, 0.740019
5164, 188, 0.740019
189, 1427, 0.793378
1427, 189, 0.793378
189, 4709, 0.875917
4709, 189, 0.875917
189, 5544, 0.999650
5544, 189, 0.999650
190, 2564, 0.265705
2564, 190, 0.265705
190, 3262, 0.392991
3262, 190, 0.392991
190, 2661, 0.481459
2661, 190, 0.481459
191, 7110, 0.914969
7110, 191, 0.914969
191, 790, 1.251019
790, 191, 1.251019
191, 8204, 1.252653
8204, 191, 1.252653
192, 2938, 0.950239
2938, 192, 0.950239
192, 2734, 0.973949
2734, 192, 0.973949
192, 5413, 1.210112
5413, 192, 1.210112
193, 7292, 0.489689
7292, 193, 0.489689
193, 8477, 0.774941
8477, 193, 0.774941
193, 8615, 0.839710
8615, 193, 0.839710
194, 3358, 0.837914
3358, 194, 0.837914
194, 3639, 0.897640
3639, 194, 0.897640
194, 1296, 0.948815
1296, 194, 0.948815
195, 132, 0.791014
132, 195, 0.791014
195, 3823, 0.957223
3823, 195, 0.957223
195, 7389, 1.119054
7389, 195, 1.119054
196, 5262, 0.216270
5262, 196, 0.216270
196, 3895, 0.598593
3895, 196, 0.598593
196, 9391, 0.683392
9391, 196, 0.683392
197, 6368, 0.634011
6368, 197, 0.634011
197, 9033, 0.925357
9033, 197, 0.925357
197, 1949, 1.283077
1949, 197, 1.283077
198, 8942, 0.281188
8942, 198, 0.281188
198, 9927, 0.537215
9927, 198, 0.537215
198, 4812, 0.696015
4812, 198, 0.696015
199, 2115, 0.203494
2115, 199, 0.203494
199, 780, 0.264010
780, 199, 0.264010
199, 5019, 0.701971
5019, 199, 0.701971
200, 7428, 0.347754
7428, 200, 0.347754
200, 3708, 0.956938
3708, 200, 0.956938
200, 8135, 1.213093
8135, 200, 1.213093
201, 74, 0.971367
74, 201, 0.971367
201, 9557, 1.039428
9557, 201, 1.039428
201, 6721, 1.196198
6721, 201, 1.196198
202, 8151, 0.413726
8151, 202, 0.413726
202, 4395, 0.978031
4395, 202, 0.978031
202, 9196, 1.064814
9196, 202, 1.064814
203, 2447, 0.739615
2447, 203, 0.739615
203, 4724, 0.740211
4724, 203, 0.740211
203, 5735, 0.754582
5735, 203, 0.754582
204, 5404, 0.845096
5404, 204, 0.845096
204, 8666, 0.868227
8666, 204, 0.868227
204, 5692, 1.083987
5692, 204, 1.083987
205, 9886, 0.460936
9886, 205, 0.460936
205, 922, 0.733250
922, 205, 0.733250
205, 3642, 0.808597
3642, 205, 0.808597
206, 8942, 0.515131
8942, 206, 0.515131
206, 4812, 0.684356
4812, 206, 0.684356
206, 3246, 0.689377
3246, 206, 0.689377
207, 4400, 0.420653
4400, 207, 0.420653
207, 1216, 0.622879
1216, 207, 0.622879
207, 8203, 0.865586
8203, 207, 0.865586
208, 2293, 0.563889
2293, 208, 0.563889
208, 4747, 0.656657
4747, 208, 0.656657
208, 9894, 0.813291
9894, 208, 0.813291
209, 2288, 0.671090
2288, 209, 0.671090
209, 4891, 1.248075
4891, 209, 1.248075
209, 2714, 1.318418
2714, 209, 1.318418
210, 1874, 0.843118
1874, 210, 0.843118
210, 7988, 0.934704
7988, 210, 0.934704
210, 3735, 1.075810
3735, 210, 1.075810
211, 6019, 0.463721
6019, 211, 0.463721
211, 9443, 0.556068
9443, 211, 0.556068
211, 6933, 0.754858
6933, 211, 0.754858
212, 9373, 0.644718
9373, 212, 0.644718
212, 100, 0.982285
100, 212, 0.982285
212, 9298, 0.992505
9298, 212, 0.992505
213, 5925, 0.112770
5925, 213, 0.112770
213, 6086, 0.358110
6086, 213, 0.358110
213, 2020, 1.167332
2020, 213, 1.167332
214, 9907, 0.421580
9907, 214, 0.421580
214, 4784, 0.523381
4784, 214, 0.523381
214, 8954, 0.580082
8954, 214, 0.580082
215, 36, 0.349428
36, 215, 0.349428
215, 3640, 0.760257
3640, 215, 0.760257
215, 3789, 0.786402
3789, 215, 0.786402
216, 3630, 0.895887
3630, 216, 0.895887
216, 4544, 1.004551
4544, 216, 1.004551
216, 704, 1.194209
704, 216, 1.194209
217, 1226, 0.637194
1226, 217, 0.637194
217, 9496, 0.659870
9496, 217, 0.659870
217, 1112, 0.909495
1112, 217, 0.909495
218, 7152, 0.655833
7152, 218, 0.655833
218, 2019, 0.849039
2019, 218, 0.849039
218, 2607, 1.053771
2607, 218, 1.053771
219, 5231, 0.166447
5231, 219, 0.166447
219, 9127, 0.456243
9127, 219, 0.456243
219, 2497, 0.456963
2497, 219, 0.456963
220, 1531, 1.109862
1531, 220, 1.109862
220, 3142, 1.240224
3142, 220, 1.240224
220, 801, 1.307897
801, 220, 1.307897
221, 8182, 0.504226
8182, 221, 0.504226
221, 8302, 0.642035
8302, 221, 0.642035
221, 9698, 0.760986
9698, 221, 0.760986
222, 2698, 0.918599
2698, 222, 0.918599
222, 1084, 1.189024
1084, 222, 1.189024
222, 2171, 1.324110
2171, 222, 1.324110
223, 3488, 0.318371
3488, 223, 0.318371
223, 2241, 0.513685
2241, 223, 0.513685
223, 4421, 0.667319
4421, 223, 0.667319
224, 10, 0.182367
10, 224, 0.182367
224, 130, 0.347409
130, 224, 0.347409
224, 6796, 0.515433
6796, 224, 0.515433
225, 5913, 0.610366
5913, 225, 0.610366
225, 4173, 0.717844
4173, 225, 0.717844
225, 4917, 0.738590
4917, 225, 0.738590
226, 641, 0.333482
641, 226, 0.333482
226, 9353, 0.768718
9353, 226, 0.768718
226, 410, 0.822658
410, 226, 0.822658
227, 7547, 0.480082
7547, 227, 0.480082
227, 9812, 0.880579
9812, 227, 0.880579
227, 6539, 0.955951
6539, 227, 0.955951
228, 8969, 0.494909
8969, 228, 0.494909
228, 3839, 0.638182
3839, 228, 0.638182
228, 2873, 0.874745
2873, 228, 0.874745
229, 4367, 0.286794
4367, 229, 0.286794
229, 6982, 1.029785
6982, 229, 1.029785
229, 6479, 1.137878
6479, 229, 1.137878
230, 2923, 0.546019
2923, 230, 0.546019
230, 5658, 0.866674
5658, 230, 0.866674
230, 4829, 0.985593
4829, 230, 0.985593
231, 3787, 0.308381
3787, 231, 0.308381
231, 3416, 0.580718
3416, 231, 0.580718
231, 2830, 0.741827
2830, 231, 0.741827
232, 9363, 0.492695
9363, 232, 0.492695
232, 4402, 0.529739
4402, 232, 0.529739
232, 1125, 0.838437
1125, 232, 0.838437
233, 8582, 0.425943
8582, 233, 0.425943
233, 2411, 0.674597
2411, 233, 0.674597
233, 9921, 0.741091
9921, 233, 0.741091
234, 3648, 0.462743
3648, 234, 0.462743
234, 1123, 0.590028
1123, 234, 0.590028
234, 5803, 0.926233
5803, 234, 0.926233
235, 35, 0.466267
35, 235, 0.466267
235, 480, 0.594664
480, 235, 0.594664
235, 4116, 0.648394
4116, 235, 0.648394
236, 2558, 0.460944
2558, 236, 0.460944
236, 7290, 0.636438
7290, 236, 0.636438
236, 718, 1.022972
718, 236, 1.022972
237, 352, 0.817844
352, 237, 0.817844
237, 2666, 1.008847
2666, 237, 1.008847
237, 6884, 1.195273
6884, 237, 1.195273
238, 4878, 0.770110
4878, 238, 0.770110
238, 1139, 0.803194
1139, 238, 0.803194
238, 1119, 1.238616
1119, 238, 1.238616
239, 2462, 0.481597
2462, 239, 0.481597
239, 645, 0.965415
645, 239, 0.965415
239, 9881, 1.106248
9881, 239, 1.106248
240, 3531, 0.466940
3531, 240, 0.466940
240, 9043, 1.043935
9043, 240, 1.043935
240, 4962, 1.290845
4962, 240, 1.290845
241, 1607, 0.669590
1607, 241, 0.669590
241, 4957, 0.692296
4957, 241, 0.692296
241, 2460, 0.731651
2460, 241, 0.731651
242, 715, 0.254180
715, 242, 0.254180
242, 7362, 1.134671
7362, 242, 1.134671
242, 470, 1.170263
470, 242, 1.170263
243, 4353, 0.133462
4353, 243, 0.133462
243, 556, 0.638324
556, 243, 0.638324
243, 2642, 0.642352
2642, 243, 0.642352
244, 6828, 0.672226
6828, 244, 0.672226
244, 3274, 0.747754
3274, 244, 0.747754
244, 7455, 1.038084
7455, 244, 1.038084
245, 8952, 0.621510
8952, 245, 0.621510
245, 1437, 0.672638
1437, 245, 0.672638
245, 7154, 0.751492
7154, 245, 0.751492
246, 4011, 0.468697
4011, 246, 0.468697
246, 7618, 0.549175
7618, 246, 0.549175
246, 3144, 1.217569
3144, 246, 1.217569
247, 6338, 0.360087
6338, 247, 0.360087
247, 3242, 0.579996
3242, 247, 0.579996
247, 7335, 0.743303
7335, 247, 0.743303
248, 4840, 0.448999
4840, 248, 0.448999
248, 325, 0.463805
325, 248, 0.463805
248, 3744, 0.600793
3744, 248, 0.600793
249, 2351, 0.126053
2351, 249, 0.126053
249, 4544, 0.483645
4544, 249, 0.483645
249, 5087, 0.687725
5087, 249, 0.687725
250, 5476, 0.399450
5476, 250, 0.399450
250, 5141, 0.520195
5141, 250, 0.520195
250, 6213, 1.072469
6213, 250, 1.072469
251, 8869, 0.371592
8869, 251, 0.371592
251, 5466, 0.717818
5466, 251, 0.717818
251, 5631, 0.826681
5631, 251, 0.826681
252, 5111, 0.790233
5111, 252, 0.790233
252, 9401, 1.001376
9401, 252, 1.001376
252, 8704, 1.100952
8704, 252, 1.100952
253, 5645, 0.231855
5645, 253, 0.231855
253, 6805, 0.629201
6805, 253, 0.629201
253, 6561, 0.761766
6561, 253, 0.761766
254, 3855, 0.309578
3855, 254, 0.309578
254, 7425, 0.543950
7425, 254, 0.543950
254, 7429, 0.810543
7429, 254, 0.810543
255, 1976, 0.612464
1976, 255, 0.612464
255, 2539, 1.085670
2539, 255, 1.085670
255, 3471, 1.127802
3471, 255, 1.127802
256, 6621, 0.285569
6621, 256, 0.285569
256, 6802, 0.770885
6802, 256, 0.770885
256, 5070, 0.972133
5070, 256, 0.972133
257, 7339, 0.197533
7339, 257, 0.197533
257, 1988, 0.650809
1988, 257, 0.650809
257, 2908, 0.702084
2908, 257, 0.702084
258, 2679, 0.755679
2679, 258, 0.755679
258, 1167, 0.927289
1167, 258, 0.927289
258, 9448, 0.965688
9448, 258, 0.965688
259, 5325, 0.288351
5325, 259, 0.288351
259, 2127, 0.346458
2127, 259, 0.346458
259, 9787, 0.559509
9787, 259, 0.559509
260, 3255, 0.058569
3255, 260, 0.058569
260, 5953, 0.555458
5953, 260, 0.555458
260, 2399, 0.622765
2399, 260, 0.622765
261, 5991, 0.345214
5991, 261, 0.345214
261, 7826, 0.390945
7826, 261, 0.390945
261, 3750, 0.452916
3750, 261, 0.452916
262, 2920, 0.837901
2920, 262, 0.837901
262, 5237, 0.955867
5237, 262, 0.955867
262, 4373, 1.101521
4373, 262, 1.101521
263, 3412, 0.598622
3412, 263, 0.598622
263, 5384, 0.721460
5384, 263, 0.721460
263, 2734, 1.276756
2734, 263, 1.276756
264, 1050, 0.532031
1050, 264, 0.532031
264, 4808, 0.603804
4808, 264, 0.603804
264, 5748, 0.607983
5748, 264, 0.607983
265, 3118, 0.408228
3118, 265, 0.408228
265, 6195, 0.885579
6195, 265, 0.885579
265, 5967, 1.248657
5967, 265, 1.248657
266, 1680, 0.690365
1680, 266, 0.690365
266, 3688, 0.724007
3688, 266, 0.724007
266, 2420, 0.821401
2420, 266, 0.821401
267, 9299, 0.376029
9299, 267, 0.376029
267, 7510, 0.667586
7510, 267, 0.667586
267, 7746, 0.843468
7746, 267, 0.843468
268, 2595, 0.148591
2595, 268, 0.148591
268, 4972, 0.186025
4972, 268, 0.186025
268, 9225, 0.332564
9225, 268, 0.332564
269, 3632, 0.253029
3632, 269, 0.253029
269, 9005, 1.037766
9005, 269, 1.037766
269, 1340, 1.102932
1340, 269, 1.102932
270, 5020, 0.163034
5020, 270, 0.163034
270, 7902, 0.834820
7902, 270, 0.834820
270, 9037, 0.853285
9037, 270, 0.853285
271, 6553, 0.538280
6553, 271, 0.538280
271, 5202, 0.822376
5202, 271, 0.822376
271, 1557, 0.822539
1557, 271, 0.822539
272, 3075, 0.816952
3075, 272, 0.816952
272, 9125, 0.817495
9125, 272, 0.817495
272, 7540, 0.921760
7540, 272, 0.921760
273, 703, 0.166252
703, 273, 0.166252
273, 9460, 0.426904
9460, 273, 0.426904
273, 9205, 0.502351
9205, 273, 0.502351
274, 4094, 0.681733
4094, 274, 0.681733
274, 7939, 0.732260
7939, 274, 0.732260
274, 5552, 1.025382
5552, 274, 1.025382
275, 6264, 0.456117
6264, 275, 0.456117
275, 7478, 0.531017
7478, 275, 0.531017
275, 3940, 0.541222
3940, 275, 0.541222
276, 6768, 0.385990
6768, 276, 0.385990
276, 6196, 0.467958
6196, 276, 0.467958
276, 8629, 0.527045
8629, 276, 0.527045
277, 9212, 0.390938
9212, 277, 0.390938
277, 138, 0.583955
138, 277, 0.583955
277, 746, 0.845754
746, 277, 0.845754
278, 2415, 0.423858
2415, 278, 0.423858
278, 5575, 0.729185
5575, 278, 0.729185
278, 8828, 0.913948
8828, 278, 0.913948
279, 6518, 0.445148
6518, 279, 0.445148
279, 1449, 0.859273
1449, 279, 0.859273
279, 7346, 1.138439
7346, 279, 1.138439
280, 6850, 0.515289
6850, 280, 0.515289
280, 5666, 0.669067
5666, 280, 0.669067
280, 7912, 0.728492
7912, 280, 0.728492
281, 7726, 0.581089
7726, 281, 0.581089
281, 1462, 0.698529
1462, 281, 0.698529
281, 5159, 0.835635
5159, 281, 0.835635
282, 4730, 0.303592
4730, 282, 0.303592
282, 2055, 0.979176
2055, 282, 0.979176
282, 2492, 0.990633
2492, 282, 0.990633
283, 6498, 0.375746
6498, 283, 0.375746
283, 1320, 0.473434
1320, 283, 0.473434
283, 6671, 0.531902
6671, 283, 0.531902
284, 9515, 0.150709
9515, 284, 0.150709
284, 7722, 0.562329
7722, 284, 0.562329
284, 8203, 0.918726
8203, 284, 0.918726
285, 297, 0.287741
297, 285, 0.287741
285, 8687, 0.946359
8687, 285, 0.946359
285, 8573, 1.083242
8573, 285, 1.083242
286, 7763, 0.273702
7763, 286, 0.273702
286, 8773, 1.028993
8773, 286, 1.028993
286, 1641, 1.128643
1641, 286, 1.128643
287, 7213, 0.658801
7213, 287, 0.658801
287, 9760, 1.087992
9760, 287, 1.087992
287, 4264, 1.211426
4264, 287, 1.211426
288, 847, 0.449971
847, 288, 0.449971
288, 5653, 0.560818
5653, 288, 0.560818
288, 8885, 0.730610
8885, 288, 0.730610
289, 7916, 0.418660
7916, 289, 0.418660
289, 8369, 0.742464
8369, 289, 0.742464
289, 2250, 0.946175
2250, 289, 0.946175
290, 1485, 0.453292
1485, 290, 0.453292
290, 5978, 0.646804
5978, 290, 0.646804
290, 4113, 0.890904
4113, 290, 0.890904
291, 2052, 0.457076
2052, 291, 0.457076
291, 9131, 0.590138
9131, 291, 0.590138
291, 2140, 1.064853
2140, 291, 1.064853
292, 4001, 0.238319
4001, 292, 0.238319
292, 1897, 0.613717
1897, 292, 0.613717
292, 6751, 0.748438
6751, 292, 0.748438
293, 4713, 0.478363
4713, 293, 0.478363
293, 3820, 0.888902
3820, 293, 0.888902
293, 4480, 0.949145
4480, 293, 0.949145
294, 7531, 0.073193
7531, 294, 0.073193
294, 9145, 0.486042
9145, 294, 0.486042
294, 7320, 0.516084
7320, 294, 0.516084
295, 8260, 0.369096
8260, 295, 0.369096
295, 881, 0.397169
881, 295, 0.397169
295, 8731, 1.085549
8731, 295, 1.085549
296, 9136, 0.556748
9136, 296, 0.556748
296, 3999, 0.970025
3999, 296, 0.970025
296, 2442, 1.048135
2442, 296, 1.048135
297, 285, 0.287741
285, 297, 0.287741
297, 8687, 0.766641
8687, 297, 0.766641
297, 8573, 0.815402
8573, 297, 0.815402
298, 3800, 0.367352
3800, 298, 0.367352
298, 5784, 0.476469
5784, 298, 0.476469
298, 7775, 0.590225
7775, 298, 0.590225
299, 8102, 1.159524
8102, 299, 1.159524
299, 5855, 1.212458
5855, 299, 1.212458
299, 8159, 1.253013
8159, 299, 1.253013
300, 1459, 0.477030
1459, 300, 0.477030
300, 8478, 0.880008
8478, 300, 0.880008
300, 4242, 1.135813
4242, 300, 1.135813
301, 4284, 0.364298
4284, 301, 0.364298
301, 9172, 0.736042
9172, 301, 0.736042
301, 831, 0.788374
831, 301, 0.788374
302, 8708, 0.262832
8708, 302, 0.262832
302, 2363, 0.307981
2363, 302, 0.307981
302, 8529, 0.848272
8529, 302, 0.848272
303, 5631, 0.296163
5631, 303, 0.296163
303, 4204, 0.762956
4204, 303, 0.762956
303, 5466, 0.827261
5466, 303, 0.827261
304, 2302, 0.161581
2302, 304, 0.161581
304, 6105, 0.385939
6105, 304, 0.385939
304, 6484, 0.782257
6484, 304, 0.782257
305, 3541, 0.184421
3541, 305, 0.184421
305, 6186, 0.670087
6186, 305, 0.670087
305, 4084, 0.763476
4084, 305, 0.763476
306, 4970, 1.207471
4970, 306, 1.207471
306, 6159, 1.210415
6159, 306, 1.210415
306, 1005, 1.325889
1005, 306, 1.325889
307, 5128, 0.500435
5128, 307, 0.500435
307, 7018, 0.800334
7018, 307, 0.800334
307, 7943, 0.851247
7943, 307, 0.851247
308, 4766, 1.106440
4766, 308, 1.106440
308, 4044, 1.237912
4044, 308, 1.237912
308, 3152, 1.289809
3152, 308, 1.289809
309, 7167, 0.625150
7167, 309, 0.625150
309, 7216, 1.408608
7216, 309, 1.408608
309, 6417, 1.847580
6417, 309, 1.847580
310, 4654, 0.743671
4654, 310, 0.743671
310, 1031, 0.970743
1031, 310, 0.970743
310, 1000, 1.105547
1000, 310, 1.105547
311, 1181, 0.418803
1181, 311, 0.418803
311, 7597, 0.439063
7597, 311, 0.439063
311, 1923, 1.042968
1923, 311, 1.042968
312, 2324, 0.506914
2324, 312, 0.506914
312, 7733, 0.859533
7733, 312, 0.859533
312, 7442, 0.915318
7442, 312, 0.915318
313, 5094, 0.441626
5094, 313, 0.441626
313, 9574, 0.701475
9574, 313, 0.701475
313, 8793, 1.041564
8793, 313, 1.041564
314, 3106, 0.305866
3106, 314, 0.305866
314, 9858, 0.383822
9858, 314, 0.383822
314, 8394, 0.443829
8394, 314, 0.443829
315, 5203, 0.640898
5203, 315, 0.640898
315, 9011, 0.651204
9011, 315, 0.651204
315, 5426, 0.893624
5426, 315, 0.893624
316, 9179, 0.445854
9179, 316, 0.445854
316, 5791, 1.281963
5791, 316, 1.281963
316, 9844, 1.385808
9844, 316, 1.385808
317, 3384, 0.173650
3384, 317, 0.173650
317, 8530, 0.866383
8530, 317, 0.866383
317, 4599, 1.535665
4599, 317, 1.535665
318, 382, 0.390853
382, 318, 0.390853
318, 7738, 0.897046
7738, 318, 0.897046
318, 3571, 0.975589
3571, 318, 0.975589
319, 680, 0.277063
680, 319, 0.277063
319, 2890, 1.332614
2890, 319, 1.332614
319, 8862, 1.402669
8862, 319, 1.402669
320, 4458, 0.670179
4458, 320, 0.670179
320, 6657, 1.012240
6657, 320, 1.012240
320, 1458, 1.062864
1458, 320, 1.062864
321, 3715, 0.385732
3715, 321, 0.385732
321, 8379, 0.492423
8379, 321, 0.492423
321, 4827, 0.586733
4827, 321, 0.586733
322, 6732, 0.650061
6732, 322, 0.650061
322, 3581, 1.191500
3581, 322, 1.191500
322, 5764, 1.524244
5764, 322, 1.524244
323, 6421, 0.631852
6421, 323, 0.631852
323, 1219, 1.155159
1219, 323, 1.155159
323, 2842, 1.349001
2842, 323, 1.349001
324, 8849, 0.267710
8849, 324, 0.267710
324, 5478, 1.074430
5478, 324, 1.074430
324, 9595, 1.225624
9595, 324, 1.225624
325, 3744, 0.281279
3744, 325, 0.281279
325, 248, 0.463805
248, 325, 0.463805
325, 6028, 0.474085
6028, 325, 0.474085
326, 4751, 0.804462
4751, 326, 0.804462
326, 1269, 0.962918
1269, 326, 0.962918
326, 9194, 1.060760
9194, 326, 1.060760
327, 6518, 0.838543
6518, 327, 0.838543
327, 7346, 0.889858
7346, 327, 0.889858
327, 279, 1.254841
279, 327, 1.254841
328, 5135, 0.471892
5135, 328, 0.471892
328, 2271, 0.584301
2271, 328, 0.584301
328, 9458, 0.742298
9458, 328, 0.742298
329, 3309, 0.086033
3309, 329, 0.086033
329, 5030, 0.653522
5030, 329, 0.653522
329, 1703, 0.745964
1703, 329, 0.745964
330, 9389, 0.311944
9389, 330, 0.311944
330, 4560, 0.492991
4560, 330, 0.492991
330, 4242, 0.581869
4242, 330, 0.581869
331, 1635, 0.549439
1635, 331, 0.549439
331, 3240, 0.827486
3240, 331, 0.827486
331, 9638, 1.282492
9638, 331, 1.282492
332, 5823, 0.648699
5823, 332, 0.648699
332, 6770, 0.684179
6770, 332, 0.684179
332, 2746, 1.164068
2746, 332, 1.164068
333, 4183, 0.274701
4183, 333, 0.274701
333, 7175, 0.698244
7175, 333, 0.698244
333, 976, 0.845786
976, 333, 0.845786
334, 6409, 0.126606
6409, 334, 0.126606
334, 8578, 0.338450
8578, 334, 0.338450
334, 2992, 0.866078
2992, 334, 0.866078
335, 6096, 0.669446
6096, 335, 0.669446
335, 2627, 1.124737
2627, 335, 1.124737
335, 3968, 1.190686
3968, 335, 1.190686
336, 442, 0.169604
442, 336, 0.169604
336, 2970, 0.743640
2970, 336, 0.743640
336, 2864, 0.787217
2864, 336, 0.787217
337, 6743, 0.373604
6743, 337, 0.373604
337, 1121, 0.734489
1121, 337, 0.734489
337, 8365, 1.148391
8365, 337, 1.148391
338, 2110, 0.149536
2110, 338, 0.149536
338, 6024, 0.329534
6024, 338, 0.329534
338, 9735, 0.933302
9735, 338, 0.933302
339, 1277, 1.080249
1277, 339, 1.080249
339, 6240, 1.366442
6240, 339, 1.366442
339, 8004, 1.408821
8004, 339, 1.408821
340, 2431, 0.644241
2431, 340, 0.644241
340, 2404, 0.794821
2404, 340, 0.794821
340, 6880, 0.903330
6880, 340, 0.903330
341, 5963, 0.728488
5963, 341, 0.728488
341, 3363, 0.782560
3363, 341, 0.782560
