20000
1, 66, 1.473048
66, 1, 1.473048
1, 670, 1.770212
670, 1, 1.770212
1, 209, 2.649996
209, 1, 2.649996
1, 413, 2.788168
413, 1, 2.788168
1, 446, 3.552583
446, 1, 3.552583
1, 702, 4.261861
702, 1, 4.261861
1, 925, 4.547959
925, 1, 4.547959
1, 279, 5.047749
279, 1, 5.047749
1, 989, 5.257642
989, 1, 5.257642
1, 570, 5.323122
570, 1, 5.323122
2, 407, 0.924444
407, 2, 0.924444
2, 33, 1.008720
33, 2, 1.008720
2, 40, 1.754039
40, 2, 1.754039
2, 700, 1.790930
700, 2, 1.790930
2, 459, 1.830474
459, 2, 1.830474
2, 354, 3.214325
354, 2, 3.214325
2, 470, 3.619591
470, 2, 3.619591
2, 461, 3.828853
461, 2, 3.828853
2, 597, 4.145360
597, 2, 4.145360
2, 309, 4.335742
309, 2, 4.335742
3, 649, 2.311551
649, 3, 2.311551
3, 84, 2.681959
84, 3, 2.681959
3, 279, 3.018237
279, 3, 3.018237
3, 570, 4.380826
570, 3, 4.380826
3, 796, 4.838756
796, 3, 4.838756
3, 925, 5.639847
925, 3, 5.639847
3, 239, 6.172618
239, 3, 6.172618
3, 711, 6.434097
711, 3, 6.434097
3, 367, 6.643603
367, 3, 6.643603
3, 586, 6.762468
586, 3, 6.762468
4, 703, 2.765421
703, 4, 2.765421
4, 637, 3.154329
637, 4, 3.154329
4, 849, 3.320150
849, 4, 3.320150
4, 704, 3.393011
704, 4, 3.393011
4, 639, 3.560228
639, 4, 3.560228
4, 983, 3.650460
983, 4, 3.650460
4, 90, 3.808665
90, 4, 3.808665
4, 356, 4.305412
356, 4, 4.305412
4, 396, 4.684980
396, 4, 4.684980
4, 189, 4.925733
189, 4, 4.925733
5, 845, 1.081809
845, 5, 1.081809
5, 51, 1.560018
51, 5, 1.560018
5, 672, 2.562606
672, 5, 2.562606
5, 527, 2.814866
527, 5, 2.814866
5, 285, 3.422746
285, 5, 3.422746
5, 518, 3.640375
518, 5, 3.640375
5, 178, 3.833101
178, 5, 3.833101
5, 28, 3.912387
28, 5, 3.912387
5, 563, 4.436671
563, 5, 4.436671
5, 585, 4.454984
585, 5, 4.454984
6, 213, 2.120081
213, 6, 2.120081
6, 555, 2.311201
555, 6, 2.311201
6, 621, 3.001325
621, 6, 3.001325
6, 26, 5.145123
26, 6, 5.145123
6, 434, 5.947144
434, 6, 5.947144
6, 973, 7.143420
973, 6, 7.143420
6, 592, 7.224624
592, 6, 7.224624
6, 362, 7.224712
362, 6, 7.224712
6, 534, 7.233291
534, 6, 7.233291
6, 775, 7.346034
775, 6, 7.346034
7, 46, 1.922422
46, 7, 1.922422
7, 166, 3.419050
166, 7, 3.419050
7, 651, 4.831423
651, 7, 4.831423
7, 797, 6.846300
797, 7, 6.846300
7, 483, 7.248019
483, 7, 7.248019
7, 497, 7.264342
497, 7, 7.264342
7, 877, 7.324650
877, 7, 7.324650
7, 240, 7.853836
240, 7, 7.853836
7, 329, 7.950326
329, 7, 7.950326
7, 47, 8.114215
47, 7, 8.114215
8, 343, 1.469262
343, 8, 1.469262
8, 694, 1.635474
694, 8, 1.635474
8, 314, 2.188712
314, 8, 2.188712
8, 697, 3.412076
697, 8, 3.412076
8, 115, 3.484743
115, 8, 3.484743
8, 265, 4.350088
265, 8, 4.350088
8, 927, 4.705913
927, 8, 4.705913
8, 29, 5.164952
29, 8, 5.164952
8, 358, 5.253894
358, 8, 5.253894
8, 130, 5.477336
130, 8, 5.477336
9, 159, 2.099290
159, 9, 2.099290
9, 348, 2.333419
348, 9, 2.333419
9, 37, 3.414106
37, 9, 3.414106
9, 77, 3.981674
77, 9, 3.981674
9, 153, 4.759532
153, 9, 4.759532
9, 565, 5.202809
565, 9, 5.202809
9, 537, 6.173641
537, 9, 6.173641
9, 604, 6.333778
604, 9, 6.333778
9, 282, 6.346457
282, 9, 6.346457
9, 788, 6.642867
788, 9, 6.642867
10, 89, 0.733001
89, 10, 0.733001
10, 32, 0.914953
32, 10, 0.914953
10, 528, 4.692231
528, 10, 4.692231
10, 247, 6.126340
247, 10, 6.126340
10, 981, 6.335784
981, 10, 6.335784
10, 310, 8.448839
310, 10, 8.448839
10, 876, 8.645256
876, 10, 8.645256
10, 728, 8.654716
728, 10, 8.654716
10, 716, 8.964044
716, 10, 8.964044
10, 916, 8.978334
916, 10, 8.978334
11, 449, 4.455629
449, 11, 4.455629
11, 480, 4.455968
480, 11, 4.455968
11, 800, 4.460146
800, 11, 4.460146
11, 640, 4.634204
640, 11, 4.634204
11, 200, 4.970601
200, 11, 4.970601
11, 680, 5.114141
680, 11, 5.114141
11, 86, 5.161556
86, 11, 5.161556
11, 996, 5.223021
996, 11, 5.223021
11, 42, 5.225532
42, 11, 5.225532
11, 717, 5.592661
717, 11, 5.592661
12, 554, 2.486689
554, 12, 2.486689
12, 783, 2.988040
783, 12, 2.988040
12, 678, 3.134135
678, 12, 3.134135
12, 251, 3.170344
251, 12, 3.170344
12, 831, 4.311061
831, 12, 4.311061
12, 162, 4.601002
162, 12, 4.601002
12, 331, 4.882014
331, 12, 4.882014
12, 635, 4.946161
635, 12, 4.946161
12, 270, 5.553308
270, 12, 5.553308
12, 280, 5.752420
280, 12, 5.752420
13, 512, 1.812191
512, 13, 1.812191
13, 857, 3.239372
857, 13, 3.239372
13, 984, 4.023661
984, 13, 4.023661
13, 349, 4.363146
349, 13, 4.363146
13, 535, 5.772862
535, 13, 5.772862
13, 721, 6.049410
721, 13, 6.049410
13, 451, 6.396833
451, 13, 6.396833
13, 338, 6.781022
338, 13, 6.781022
13, 197, 6.941899
197, 13, 6.941899
13, 668, 7.113686
668, 13, 7.113686
14, 85, 0.938667
85, 14, 0.938667
14, 708, 1.768831
708, 14, 1.768831
14, 553, 2.436291
553, 14, 2.436291
14, 405, 2.844454
405, 14, 2.844454
14, 397, 3.131761
397, 14, 3.131761
14, 494, 3.281691
494, 14, 3.281691
14, 516, 3.928655
516, 14, 3.928655
14, 305, 4.053596
305, 14, 4.053596
14, 190, 4.063123
190, 14, 4.063123
14, 109, 4.502170
109, 14, 4.502170
15, 224, 0.907078
224, 15, 0.907078
15, 707, 1.616555
707, 15, 1.616555
15, 971, 2.098992
971, 15, 2.098992
15, 236, 2.736960
236, 15, 2.736960
15, 756, 2.892443
756, 15, 2.892443
15, 442, 3.114146
442, 15, 3.114146
15, 620, 4.224830
620, 15, 4.224830
15, 673, 4.481886
673, 15, 4.481886
15, 69, 4.975874
69, 15, 4.975874
15, 921, 5.067846
921, 15, 5.067846
16, 245, 1.161346
245, 16, 1.161346
16, 319, 1.620133
319, 16, 1.620133
16, 809, 1.704650
809, 16, 1.704650
16, 833, 2.293030
833, 16, 2.293030
16, 764, 2.447276
764, 16, 2.447276
16, 78, 2.512281
78, 16, 2.512281
16, 647, 2.958027
647, 16, 2.958027
16, 810, 3.152366
810, 16, 3.152366
16, 847, 3.492126
847, 16, 3.492126
16, 980, 3.651435
980, 16, 3.651435
17, 786, 1.919245
786, 17, 1.919245
17, 870, 3.383059
870, 17, 3.383059
17, 590, 3.491245
590, 17, 3.491245
17, 656, 3.539629
656, 17, 3.539629
17, 723, 3.621159
723, 17, 3.621159
17, 746, 3.657968
746, 17, 3.657968
17, 648, 4.727217
648, 17, 4.727217
17, 684, 5.337716
684, 17, 5.337716
17, 308, 5.713205
308, 17, 5.713205
17, 646, 6.713363
646, 17, 6.713363
18, 574, 1.132008
574, 18, 1.132008
18, 231, 2.412654
231, 18, 2.412654
18, 784, 3.937578
784, 18, 3.937578
18, 20, 6.555266
20, 18, 6.555266
18, 614, 6.632122
614, 18, 6.632122
18, 106, 6.832640
106, 18, 6.832640
18, 492, 8.104152
492, 18, 8.104152
18, 735, 8.411499
735, 18, 8.411499
18, 416, 8.980132
416, 18, 8.980132
18, 368, 9.066638
368, 18, 9.066638
19, 395, 3.015282
395, 19, 3.015282
19, 840, 3.049491
840, 19, 3.049491
19, 123, 3.063922
123, 19, 3.063922
19, 188, 3.147406
188, 19, 3.147406
19, 401, 3.649585
401, 19, 3.649585
19, 868, 3.871332
868, 19, 3.871332
19, 888, 3.925234
888, 19, 3.925234
19, 750, 3.986578
750, 19, 3.986578
19, 663, 4.601036
663, 19, 4.601036
19, 226, 4.756062
226, 19, 4.756062
20, 492, 2.506039
492, 20, 2.506039
20, 372, 3.052650
372, 20, 3.052650
20, 735, 3.600633
735, 20, 3.600633
20, 784, 3.767574
784, 20, 3.767574
20, 231, 4.288842
231, 20, 4.288842
20, 726, 4.340719
726, 20, 4.340719
20, 491, 4.772873
491, 20, 4.772873
20, 614, 5.039700
614, 20, 5.039700
20, 106, 5.184616
106, 20, 5.184616
20, 938, 5.365825
938, 20, 5.365825
21, 709, 2.173018
709, 21, 2.173018
21, 219, 2.813290
219, 21, 2.813290
21, 871, 3.352839
871, 21, 3.352839
21, 181, 3.607520
181, 21, 3.607520
21, 920, 4.273361
920, 21, 4.273361
21, 283, 4.395115
283, 21, 4.395115
21, 379, 4.703909
379, 21, 4.703909
21, 119, 4.988808
119, 21, 4.988808
21, 192, 5.138162
192, 21, 5.138162
21, 521, 5.247097
521, 21, 5.247097
22, 271, 1.599890
271, 22, 1.599890
22, 812, 1.969849
812, 22, 1.969849
22, 947, 2.033584
947, 22, 2.033584
22, 366, 2.638765
366, 22, 2.638765
22, 230, 2.995096
230, 22, 2.995096
22, 468, 5.220597
468, 22, 5.220597
22, 250, 5.708356
250, 22, 5.708356
22, 332, 6.078856
332, 22, 6.078856
22, 835, 6.176291
835, 22, 6.176291
22, 330, 6.376956
330, 22, 6.376956
23, 638, 3.394598
638, 23, 3.394598
23, 344, 4.587683
344, 23, 4.587683
23, 908, 4.832995
908, 23, 4.832995
23, 191, 4.852380
191, 23, 4.852380
23, 807, 5.787588
807, 23, 5.787588
23, 212, 6.438576
212, 23, 6.438576
23, 99, 6.621127
99, 23, 6.621127
23, 946, 6.622303
946, 23, 6.622303
23, 745, 6.646312
745, 23, 6.646312
23, 917, 6.660378
917, 23, 6.660378
24, 273, 1.889243
273, 24, 1.889243
24, 829, 2.066692
829, 24, 2.066692
24, 456, 2.418199
456, 24, 2.418199
24, 394, 2.578274
394, 24, 2.578274
24, 496, 3.071865
496, 24, 3.071865
24, 820, 4.348209
820, 24, 4.348209
24, 327, 4.352206
327, 24, 4.352206
24, 758, 4.931711
758, 24, 4.931711
24, 610, 5.128865
610, 24, 5.128865
24, 346, 5.155715
346, 24, 5.155715
25, 50, 3.861762
50, 25, 3.861762
25, 891, 3.890398
891, 25, 3.890398
25, 792, 3.998402
792, 25, 3.998402
25, 499, 5.261128
499, 25, 5.261128
25, 690, 5.599006
690, 25, 5.599006
25, 75, 5.863931
75, 25, 5.863931
25, 751, 5.945735
751, 25, 5.945735
25, 879, 6.098587
879, 25, 6.098587
25, 540, 6.685528
540, 25, 6.685528
25, 218, 6.916932
218, 25, 6.916932
26, 973, 2.232524
973, 26, 2.232524
26, 621, 2.824489
621, 26, 2.824489
26, 555, 3.022518
555, 26, 3.022518
26, 213, 3.053719
213, 26, 3.053719
26, 599, 3.607117
599, 26, 3.607117
26, 775, 3.775905
775, 26, 3.775905
26, 434, 4.480645
434, 26, 4.480645
26, 6, 5.145123
6, 26, 5.145123
26, 836, 5.161663
836, 26, 5.161663
26, 719, 5.329826
719, 26, 5.329826
27, 933, 2.714071
933, 27, 2.714071
27, 120, 2.782317
120, 27, 2.782317
27, 881, 4.035891
881, 27, 4.035891
27, 819, 4.161315
819, 27, 4.161315
27, 892, 4.257902
892, 27, 4.257902
27, 125, 5.314780
125, 27, 5.314780
27, 186, 5.978529
186, 27, 5.978529
27, 448, 6.309480
448, 27, 6.309480
27, 206, 6.382698
206, 27, 6.382698
27, 443, 6.824822
443, 27, 6.824822
28, 411, 1.651194
411, 28, 1.651194
28, 523, 2.057799
523, 28, 2.057799
28, 463, 2.373659
463, 28, 2.373659
28, 585, 2.713177
585, 28, 2.713177
28, 609, 2.726133
609, 28, 2.726133
28, 845, 2.846355
845, 28, 2.846355
28, 518, 3.331999
518, 28, 3.331999
28, 902, 3.700434
902, 28, 3.700434
28, 5, 3.912387
5, 28, 3.912387
28, 51, 4.919664
51, 28, 4.919664
29, 378, 1.446786
378, 29, 1.446786
29, 885, 2.499711
885, 29, 2.499711
29, 314, 2.985271
314, 29, 2.985271
29, 115, 3.215201
115, 29, 3.215201
29, 341, 3.506663
341, 29, 3.506663
29, 694, 3.656115
694, 29, 3.656115
29, 80, 3.726298
80, 29, 3.726298
29, 921, 4.258772
921, 29, 4.258772
29, 69, 4.440602
69, 29, 4.440602
29, 8, 5.164952
8, 29, 5.164952
30, 731, 1.573268
731, 30, 1.573268
30, 137, 2.294245
137, 30, 2.294245
30, 405, 2.813720
405, 30, 2.813720
30, 720, 3.300498
720, 30, 3.300498
30, 708, 3.508634
708, 30, 3.508634
30, 738, 3.878995
738, 30, 3.878995
30, 516, 4.286727
516, 30, 4.286727
30, 14, 5.267721
14, 30, 5.267721
30, 794, 5.565477
794, 30, 5.565477
30, 85, 5.801929
85, 30, 5.801929
31, 91, 0.761582
91, 31, 0.761582
31, 203, 1.990402
203, 31, 1.990402
31, 297, 3.224496
297, 31, 3.224496
31, 747, 3.321838
747, 31, 3.321838
31, 607, 4.411736
607, 31, 4.411736
31, 856, 4.518568
856, 31, 4.518568
31, 430, 4.733343
430, 31, 4.733343
31, 280, 4.777073
280, 31, 4.777073
31, 270, 5.006790
270, 31, 5.006790
31, 374, 5.282227
374, 31, 5.282227
32, 10, 0.914953
10, 32, 0.914953
32, 89, 1.647913
89, 32, 1.647913
32, 528, 5.257491
528, 32, 5.257491
32, 247, 7.026869
247, 32, 7.026869
32, 981, 7.182809
981, 32, 7.182809
32, 728, 8.581717
728, 32, 8.581717
32, 876, 8.813536
876, 32, 8.813536
32, 310, 9.263378
310, 32, 9.263378
32, 716, 9.874939
716, 32, 9.874939
32, 916, 9.892780
916, 32, 9.892780
33, 2, 1.008720
2, 33, 1.008720
33, 40, 1.100733
40, 33, 1.100733
33, 407, 1.402164
407, 33, 1.402164
33, 459, 2.278565
459, 33, 2.278565
33, 700, 2.785179
700, 33, 2.785179
33, 354, 3.037169
354, 33, 3.037169
33, 597, 3.260702
597, 33, 3.260702
33, 470, 3.741376
470, 33, 3.741376
33, 461, 3.781818
461, 33, 3.781818
33, 664, 4.356140
664, 33, 4.356140
34, 603, 5.239055
603, 34, 5.239055
34, 310, 6.005172
310, 34, 6.005172
34, 616, 6.161922
616, 34, 6.161922
34, 552, 6.476490
552, 34, 6.476490
34, 881, 6.501484
881, 34, 6.501484
34, 916, 6.610165
916, 34, 6.610165
34, 205, 6.697063
205, 34, 6.697063
34, 206, 6.731946
206, 34, 6.731946
34, 914, 6.735084
914, 34, 6.735084
34, 655, 6.897318
655, 34, 6.897318
35, 441, 1.897879
441, 35, 1.897879
35, 897, 3.083101
897, 35, 3.083101
35, 894, 3.883212
894, 35, 3.883212
35, 982, 4.688123
982, 35, 4.688123
35, 180, 4.689652
180, 35, 4.689652
35, 826, 4.845996
826, 35, 4.845996
35, 575, 5.210032
575, 35, 5.210032
35, 995, 5.456364
995, 35, 5.456364
35, 118, 5.658827
118, 35, 5.658827
35, 742, 5.779340
742, 35, 5.779340
36, 65, 2.945831
65, 36, 2.945831
36, 288, 3.350919
288, 36, 3.350919
36, 266, 3.950694
266, 36, 3.950694
36, 572, 4.346073
572, 36, 4.346073
36, 513, 4.757077
513, 36, 4.757077
36, 382, 5.157000
382, 36, 5.157000
36, 897, 5.535842
897, 36, 5.535842
36, 35, 5.922832
35, 36, 5.922832
36, 627, 6.787911
627, 36, 6.787911
36, 292, 7.100996
292, 36, 7.100996
37, 159, 2.186908
159, 37, 2.186908
37, 788, 3.259289
788, 37, 3.259289
37, 9, 3.414106
9, 37, 3.414106
37, 924, 3.626322
924, 37, 3.626322
37, 785, 4.222526
785, 37, 4.222526
37, 565, 5.512464
565, 37, 5.512464
37, 282, 5.661571
282, 37, 5.661571
37, 348, 5.682342
348, 37, 5.682342
37, 214, 5.740946
214, 37, 5.740946
37, 77, 5.882971
77, 37, 5.882971
38, 805, 0.814435
805, 38, 0.814435
38, 958, 2.358367
958, 38, 2.358367
38, 538, 2.550804
538, 38, 2.550804
38, 362, 2.840912
362, 38, 2.840912
38, 795, 2.993238
795, 38, 2.993238
38, 318, 3.015331
318, 38, 3.015331
38, 391, 3.058226
391, 38, 3.058226
38, 929, 3.156889
929, 38, 3.156889
38, 592, 4.185132
592, 38, 4.185132
38, 94, 4.226848
94, 38, 4.226848
39, 779, 0.276648
779, 39, 0.276648
39, 952, 0.901408
952, 39, 0.901408
39, 418, 2.298778
418, 39, 2.298778
39, 417, 2.333401
417, 39, 2.333401
39, 960, 2.938262
960, 39, 2.938262
39, 252, 3.079004
252, 39, 3.079004
39, 766, 4.645673
766, 39, 4.645673
39, 815, 5.518444
815, 39, 5.518444
39, 531, 5.713889
531, 39, 5.713889
39, 556, 5.770895
556, 39, 5.770895
40, 33, 1.100733
33, 40, 1.100733
40, 2, 1.754039
2, 40, 1.754039
40, 459, 1.990776
459, 40, 1.990776
40, 354, 2.054043
354, 40, 2.054043
40, 407, 2.437832
407, 40, 2.437832
40, 597, 2.439733
597, 40, 2.439733
40, 470, 2.939794
470, 40, 2.939794
40, 700, 3.471873
700, 40, 3.471873
40, 988, 3.544933
988, 40, 3.544933
40, 636, 3.751510
636, 40, 3.751510
41, 660, 3.096746
660, 41, 3.096746
41, 412, 3.225398
412, 41, 3.225398
41, 890, 3.788253
890, 41, 3.788253
41, 70, 3.828046
70, 41, 3.828046
41, 184, 4.093923
184, 41, 4.093923
41, 185, 4.274887
185, 41, 4.274887
41, 374, 4.631687
374, 41, 4.631687
41, 237, 5.659362
237, 41, 5.659362
41, 607, 5.874909
607, 41, 5.874909
41, 753, 6.213943
753, 41, 6.213943
42, 935, 3.437608
935, 42, 3.437608
42, 640, 4.652340
640, 42, 4.652340
42, 833, 4.654231
833, 42, 4.654231
42, 764, 4.694706
764, 42, 4.694706
42, 11, 5.225532
11, 42, 5.225532
42, 151, 5.483372
151, 42, 5.483372
42, 980, 5.730505
980, 42, 5.730505
42, 862, 6.296658
862, 42, 6.296658
42, 403, 6.376455
403, 42, 6.376455
42, 16, 6.933202
16, 42, 6.933202
43, 144, 0.784672
144, 43, 0.784672
43, 913, 0.831642
913, 43, 0.831642
43, 944, 1.441640
944, 43, 1.441640
43, 466, 1.447658
466, 43, 1.447658
43, 238, 1.596726
238, 43, 1.596726
43, 846, 3.788163
846, 43, 3.788163
43, 715, 3.803821
715, 43, 3.803821
43, 722, 4.261766
722, 43, 4.261766
43, 174, 4.477962
174, 43, 4.477962
43, 778, 5.032139
778, 43, 5.032139
44, 524, 1.283145
524, 44, 1.283145
44, 119, 1.992770
119, 44, 1.992770
44, 408, 2.775143
408, 44, 2.775143
44, 142, 3.479429
142, 44, 3.479429
44, 379, 3.986119
379, 44, 3.986119
44, 871, 4.781790
871, 44, 4.781790
44, 618, 4.892636
618, 44, 4.892636
44, 737, 4.960541
737, 44, 4.960541
44, 709, 5.199403
709, 44, 5.199403
44, 762, 5.372739
762, 44, 5.372739
45, 327, 1.901960
327, 45, 1.901960
45, 229, 3.513974
229, 45, 3.513974
45, 454, 3.877056
454, 45, 3.877056
45, 829, 4.138216
829, 45, 4.138216
45, 500, 4.194596
500, 45, 4.194596
45, 452, 4.234718
452, 45, 4.234718
45, 615, 4.303950
615, 45, 4.303950
45, 573, 4.758177
573, 45, 4.758177
45, 234, 5.343168
234, 45, 5.343168
45, 758, 5.392506
758, 45, 5.392506
46, 7, 1.922422
7, 46, 1.922422
46, 166, 4.283676
166, 46, 4.283676
46, 797, 5.376144
797, 46, 5.376144
46, 483, 5.394645
483, 46, 5.394645
46, 651, 5.511683
651, 46, 5.511683
46, 47, 6.324226
47, 46, 6.324226
46, 955, 6.984425
955, 46, 6.984425
46, 82, 7.282771
82, 46, 7.282771
46, 877, 7.814977
877, 46, 7.814977
46, 530, 7.896914
530, 46, 7.896914
47, 530, 3.243867
530, 47, 3.243867
47, 483, 4.314980
483, 47, 4.314980
47, 82, 4.563508
82, 47, 4.563508
47, 127, 4.990839
127, 47, 4.990839
47, 955, 5.028928
955, 47, 5.028928
47, 895, 5.363894
895, 47, 5.363894
47, 46, 6.324226
46, 47, 6.324226
47, 373, 6.326108
373, 47, 6.326108
47, 797, 6.813537
797, 47, 6.813537
47, 128, 7.505677
128, 47, 7.505677
48, 105, 1.989989
105, 48, 1.989989
48, 393, 1.992450
393, 48, 1.992450
48, 990, 3.745686
990, 48, 3.745686
48, 985, 4.271504
985, 48, 4.271504
48, 228, 4.741792
228, 48, 4.741792
48, 841, 6.885582
841, 48, 6.885582
48, 889, 7.834860
889, 48, 7.834860
48, 815, 7.950355
815, 48, 7.950355
48, 376, 8.208252
376, 48, 8.208252
48, 701, 8.254037
701, 48, 8.254037
49, 599, 2.706311
599, 49, 2.706311
49, 836, 3.418094
836, 49, 3.418094
49, 470, 3.418172
470, 49, 3.418172
49, 534, 3.546446
534, 49, 3.546446
49, 354, 4.191529
354, 49, 4.191529
49, 973, 4.477931
973, 49, 4.477931
49, 988, 4.515767
988, 49, 4.515767
49, 459, 5.242533
459, 49, 5.242533
49, 143, 6.059620
143, 49, 6.059620
49, 40, 6.234002
40, 49, 6.234002
50, 879, 2.260509
879, 50, 2.260509
50, 690, 2.596712
690, 50, 2.596712
50, 792, 3.126393
792, 50, 3.126393
50, 685, 3.308049
685, 50, 3.308049
50, 25, 3.861762
25, 50, 3.861762
50, 218, 6.138818
218, 50, 6.138818
50, 926, 6.365998
926, 50, 6.365998
50, 891, 6.968516
891, 50, 6.968516
50, 681, 7.123895
681, 50, 7.123895
50, 734, 7.153668
734, 50, 7.153668
51, 527, 1.385111
527, 51, 1.385111
51, 5, 1.560018
5, 51, 1.560018
51, 178, 2.273881
178, 51, 2.273881
51, 672, 2.397087
672, 51, 2.397087
51, 845, 2.405718
845, 51, 2.405718
51, 518, 3.428858
518, 51, 3.428858
51, 968, 3.902997
968, 51, 3.902997
51, 285, 4.314911
285, 51, 4.314911
51, 991, 4.659529
991, 51, 4.659529
51, 563, 4.739248
563, 51, 4.739248
52, 542, 1.663791
542, 52, 1.663791
52, 687, 2.987301
687, 52, 2.987301
52, 987, 3.873121
987, 52, 3.873121
52, 634, 4.108625
634, 52, 4.108625
52, 447, 4.300676
447, 52, 4.300676
52, 211, 4.497820
211, 52, 4.497820
52, 739, 4.531162
739, 52, 4.531162
52, 398, 4.771568
398, 52, 4.771568
52, 559, 4.981990
559, 52, 4.981990
52, 414, 5.062560
414, 52, 5.062560
53, 770, 1.558947
770, 53, 1.558947
53, 507, 3.734010
507, 53, 3.734010
53, 438, 4.127023
438, 53, 4.127023
53, 992, 4.257218
992, 53, 4.257218
53, 57, 4.699412
57, 53, 4.699412
53, 945, 5.527101
945, 53, 5.527101
53, 222, 5.547826
222, 53, 5.547826
53, 763, 5.879354
763, 53, 5.879354
53, 896, 6.119773
896, 53, 6.119773
53, 828, 6.552183
828, 53, 6.552183
54, 514, 3.264923
514, 54, 3.264923
54, 146, 3.339756
146, 54, 3.339756
54, 859, 3.384421
859, 54, 3.384421
54, 451, 3.942568
451, 54, 3.942568
54, 943, 4.755786
943, 54, 4.755786
54, 98, 4.901875
98, 54, 4.901875
54, 920, 6.392735
920, 54, 6.392735
54, 219, 6.393566
219, 54, 6.393566
54, 535, 6.669106
535, 54, 6.669106
54, 476, 6.917875
476, 54, 6.917875
55, 145, 0.959209
145, 55, 0.959209
55, 217, 2.773975
217, 55, 2.773975
55, 937, 3.093151
937, 55, 3.093151
55, 464, 3.147854
464, 55, 3.147854
55, 874, 4.420809
874, 55, 4.420809
55, 262, 4.526255
262, 55, 4.526255
55, 785, 4.781445
785, 55, 4.781445
55, 924, 5.209785
924, 55, 5.209785
55, 848, 5.270979
848, 55, 5.270979
55, 511, 5.551500
511, 55, 5.551500
56, 259, 1.436840
259, 56, 1.436840
56, 636, 2.185318
636, 56, 2.185318
56, 699, 2.781914
699, 56, 2.781914
56, 597, 3.452465
597, 56, 3.452465
56, 128, 4.043752
128, 56, 4.043752
56, 187, 4.327201
187, 56, 4.327201
56, 988, 4.822029
988, 56, 4.822029
56, 373, 4.888058
373, 56, 4.888058
56, 332, 4.911822
332, 56, 4.911822
56, 330, 5.095135
330, 56, 5.095135
57, 896, 2.228792
896, 57, 2.228792
57, 438, 4.130168
438, 57, 4.130168
57, 507, 4.532634
507, 57, 4.532634
57, 53, 4.699412
53, 57, 4.699412
57, 770, 5.457930
770, 57, 5.457930
57, 630, 5.600334
630, 57, 5.600334
57, 645, 6.072081
645, 57, 6.072081
57, 392, 6.248933
392, 57, 6.248933
57, 992, 7.997006
992, 57, 7.997006
57, 467, 8.015893
467, 57, 8.015893
58, 568, 1.411299
568, 58, 1.411299
58, 204, 1.810114
204, 58, 1.810114
58, 798, 2.381947
798, 58, 2.381947
58, 939, 2.554118
939, 58, 2.554118
58, 155, 2.563130
155, 58, 2.563130
58, 61, 3.551832
61, 58, 3.551832
58, 686, 3.609060
686, 58, 3.609060
58, 244, 3.942664
244, 58, 3.942664
58, 942, 4.092364
942, 58, 4.092364
58, 315, 4.158620
315, 58, 4.158620
59, 416, 1.650826
416, 59, 1.650826
59, 368, 2.062423
368, 59, 2.062423
59, 629, 2.072528
629, 59, 2.072528
59, 712, 2.872369
712, 59, 2.872369
59, 851, 3.073448
851, 59, 3.073448
59, 227, 3.758569
227, 59, 3.758569
59, 864, 5.272043
864, 59, 5.272043
59, 632, 5.436609
632, 59, 5.436609
59, 726, 6.250931
726, 59, 6.250931
59, 803, 6.436493
803, 59, 6.436493
60, 246, 1.282636
246, 60, 1.282636
60, 389, 1.898994
389, 60, 1.898994
60, 232, 2.011874
232, 60, 2.011874
60, 359, 2.743489
359, 60, 2.743489
60, 406, 3.295552
406, 60, 3.295552
60, 657, 3.303369
657, 60, 3.303369
60, 363, 3.568322
363, 60, 3.568322
60, 498, 4.006778
498, 60, 4.006778
60, 428, 4.822512
428, 60, 4.822512
60, 834, 5.203023
834, 60, 5.203023
61, 155, 0.997392
155, 61, 0.997392
61, 939, 1.604205
939, 61, 1.604205
61, 204, 2.290773
204, 61, 2.290773
61, 752, 3.379897
752, 61, 3.379897
61, 58, 3.551832
58, 61, 3.551832
61, 568, 3.574510
568, 61, 3.574510
61, 798, 4.658399
798, 61, 4.658399
61, 942, 5.026209
942, 61, 5.026209
61, 322, 5.089011
322, 61, 5.089011
61, 510, 5.149786
510, 61, 5.149786
62, 613, 1.460155
613, 62, 1.460155
62, 109, 2.681055
109, 62, 2.681055
62, 264, 2.878153
264, 62, 2.878153
62, 101, 4.072441
101, 62, 4.072441
62, 293, 4.102420
293, 62, 4.102420
62, 190, 4.144199
190, 62, 4.144199
62, 909, 4.509182
909, 62, 4.509182
62, 85, 4.532719
85, 62, 4.532719
62, 553, 4.783130
553, 62, 4.783130
62, 14, 4.820410
14, 62, 4.820410
63, 278, 1.450747
278, 63, 1.450747
63, 959, 1.713836
959, 63, 1.713836
63, 296, 1.829672
296, 63, 1.829672
63, 567, 4.824337
567, 63, 4.824337
63, 717, 4.952912
717, 63, 4.952912
63, 996, 5.304754
996, 63, 5.304754
63, 86, 5.438557
86, 63, 5.438557
63, 486, 5.503724
486, 63, 5.503724
63, 200, 5.626380
200, 63, 5.626380
63, 215, 5.761583
215, 63, 5.761583
64, 825, 0.327282
825, 64, 0.327282
64, 409, 0.495181
409, 64, 0.495181
64, 878, 1.308659
878, 64, 1.308659
64, 976, 1.322722
976, 64, 1.322722
64, 642, 1.561473
642, 64, 1.561473
64, 130, 1.674205
130, 64, 1.674205
64, 757, 3.287780
757, 64, 3.287780
64, 265, 3.379793
265, 64, 3.379793
64, 742, 3.988990
742, 64, 3.988990
64, 826, 4.596534
826, 64, 4.596534
65, 266, 1.014527
266, 65, 1.014527
65, 572, 1.589463
572, 65, 1.589463
65, 382, 2.605356
382, 65, 2.605356
65, 36, 2.945831
36, 65, 2.945831
65, 627, 3.842080
627, 65, 3.842080
65, 292, 4.270923
292, 65, 4.270923
65, 513, 4.532275
513, 65, 4.532275
65, 288, 4.799033
288, 65, 4.799033
65, 661, 5.163063
661, 65, 5.163063
65, 579, 6.428182
579, 65, 6.428182
66, 1, 1.473048
1, 66, 1.473048
66, 209, 1.701511
209, 66, 1.701511
66, 413, 1.751209
413, 66, 1.751209
66, 670, 2.840968
670, 66, 2.840968
66, 702, 3.838593
702, 66, 3.838593
66, 800, 4.033642
800, 66, 4.033642
66, 680, 4.324644
680, 66, 4.324644
66, 446, 4.455356
446, 66, 4.455356
66, 989, 4.561299
989, 66, 4.561299
66, 367, 5.627663
367, 66, 5.627663
67, 987, 1.332656
987, 67, 1.332656
67, 484, 1.368440
484, 67, 1.368440
67, 414, 1.515178
414, 67, 1.515178
67, 687, 2.377119
687, 67, 2.377119
67, 634, 2.715783
634, 67, 2.715783
67, 589, 3.881709
589, 67, 3.881709
67, 522, 4.863023
522, 67, 4.863023
67, 739, 5.171858
739, 67, 5.171858
67, 624, 5.187697
624, 67, 5.187697
67, 52, 5.205768
52, 67, 5.205768
68, 569, 1.777488
569, 68, 1.777488
68, 346, 2.498889
346, 68, 2.498889
68, 496, 3.319682
496, 68, 3.319682
68, 394, 3.631739
394, 68, 3.631739
68, 912, 3.777544
912, 68, 3.777544
68, 615, 4.069641
615, 68, 4.069641
68, 829, 6.152612
829, 68, 6.152612
68, 24, 6.193149
24, 68, 6.193149
68, 811, 6.212570
811, 68, 6.212570
68, 633, 6.907968
633, 68, 6.907968
69, 921, 0.281095
921, 69, 0.281095
69, 341, 1.254400
341, 69, 1.254400
69, 885, 2.059409
885, 69, 2.059409
69, 80, 3.200697
80, 69, 3.200697
69, 442, 3.741196
442, 69, 3.741196
69, 224, 4.189648
224, 69, 4.189648
69, 29, 4.440602
29, 69, 4.440602
69, 236, 4.505909
236, 69, 4.505909
69, 115, 4.693060
115, 69, 4.693060
69, 15, 4.975874
15, 69, 4.975874
70, 753, 2.407452
753, 70, 2.407452
70, 832, 2.996110
832, 70, 2.996110
70, 465, 3.502268
465, 70, 3.502268
70, 41, 3.828046
41, 70, 3.828046
70, 412, 4.527665
412, 70, 4.527665
70, 515, 5.108610
515, 70, 5.108610
70, 660, 5.203785
660, 70, 5.203785
70, 873, 5.603203
873, 70, 5.603203
70, 193, 5.853263
193, 70, 5.853263
70, 237, 6.108137
237, 70, 6.108137
71, 196, 1.919806
196, 71, 1.919806
71, 853, 1.945372
853, 71, 1.945372
71, 867, 2.493441
867, 71, 2.493441
71, 141, 2.607967
141, 71, 2.607967
71, 951, 2.680663
951, 71, 2.680663
71, 964, 3.857044
964, 71, 3.857044
71, 729, 4.392343
729, 71, 4.392343
71, 495, 4.443504
495, 71, 4.443504
71, 929, 4.649250
929, 71, 4.649250
71, 391, 4.761851
391, 71, 4.761851
72, 837, 1.714597
837, 72, 1.714597
72, 663, 2.443055
663, 72, 2.443055
72, 345, 3.180658
345, 72, 3.180658
72, 840, 3.656379
840, 72, 3.656379
72, 175, 4.316991
175, 72, 4.316991
72, 759, 4.399206
759, 72, 4.399206
72, 868, 4.778856
868, 72, 4.778856
72, 571, 5.076082
571, 72, 5.076082
72, 123, 5.221227
123, 72, 5.221227
72, 923, 5.319317
923, 72, 5.319317
73, 932, 0.777142
932, 73, 0.777142
73, 808, 1.603453
808, 73, 1.603453
73, 96, 2.186181
96, 73, 2.186181
73, 462, 3.744457
462, 73, 3.744457
73, 298, 4.028979
298, 73, 4.028979
73, 312, 4.047895
312, 73, 4.047895
73, 872, 4.559983
872, 73, 4.559983
73, 386, 5.431206
386, 73, 5.431206
73, 884, 5.491061
884, 73, 5.491061
73, 961, 5.783304
961, 73, 5.783304
74, 946, 1.372380
946, 74, 1.372380
74, 956, 1.684385
956, 74, 1.684385
74, 733, 2.441463
733, 74, 2.441463
74, 212, 3.242093
212, 74, 3.242093
74, 268, 4.411704
268, 74, 4.411704
74, 765, 4.900557
765, 74, 4.900557
74, 519, 5.192817
519, 74, 5.192817
74, 281, 5.702921
281, 74, 5.702921
74, 211, 5.972384
211, 74, 5.972384
74, 908, 6.002535
908, 74, 6.002535
75, 540, 3.018276
540, 75, 3.018276
75, 161, 3.055114
161, 75, 3.055114
75, 844, 3.078243
844, 75, 3.078243
75, 561, 5.023492
561, 75, 5.023492
75, 619, 5.724200
619, 75, 5.724200
75, 25, 5.863931
25, 75, 5.863931
75, 195, 6.309385
195, 75, 6.309385
75, 751, 6.347307
751, 75, 6.347307
75, 604, 6.437700
604, 75, 6.437700
75, 792, 7.075594
792, 75, 7.075594
76, 623, 0.810775
623, 76, 0.810775
76, 135, 1.224728
135, 76, 1.224728
76, 158, 2.746781
158, 76, 2.746781
76, 986, 2.942704
986, 76, 2.942704
76, 793, 3.376638
793, 76, 3.376638
76, 893, 3.971962
893, 76, 3.971962
76, 671, 4.244180
671, 76, 4.244180
76, 543, 4.445350
543, 76, 4.445350
76, 777, 4.644453
777, 76, 4.644453
76, 778, 4.708269
778, 76, 4.708269
77, 380, 3.249073
380, 77, 3.249073
77, 248, 3.343654
248, 77, 3.343654
77, 159, 3.706654
159, 77, 3.706654
77, 255, 3.913068
255, 77, 3.913068
77, 9, 3.981674
9, 77, 3.981674
77, 282, 4.340119
282, 77, 4.340119
77, 348, 4.700431
348, 77, 4.700431
77, 852, 5.580164
852, 77, 5.580164
77, 926, 5.730780
926, 77, 5.730780
77, 37, 5.882971
37, 77, 5.882971
78, 810, 0.751727
810, 78, 0.751727
78, 245, 1.364642
245, 78, 1.364642
78, 482, 1.532303
482, 78, 1.532303
78, 586, 2.339694
586, 78, 2.339694
78, 16, 2.512281
16, 78, 2.512281
78, 862, 2.708694
862, 78, 2.708694
78, 980, 2.790024
980, 78, 2.790024
78, 367, 3.249137
367, 78, 3.249137
78, 809, 3.308807
809, 78, 3.308807
78, 847, 3.378019
847, 78, 3.378019
79, 727, 1.142119
727, 79, 1.142119
79, 95, 2.957642
95, 79, 2.957642
79, 855, 3.206149
855, 79, 3.206149
79, 750, 3.561740
750, 79, 3.561740
79, 888, 3.805400
888, 79, 3.805400
79, 625, 4.721944
625, 79, 4.721944
79, 286, 5.127706
286, 79, 5.127706
79, 736, 6.381318
736, 79, 6.381318
79, 401, 6.533292
401, 79, 6.533292
79, 169, 6.573755
169, 79, 6.573755
80, 341, 2.060156
341, 80, 2.060156
80, 921, 2.922070
921, 80, 2.922070
80, 885, 3.158727
885, 80, 3.158727
80, 69, 3.200697
69, 80, 3.200697
80, 378, 3.456650
378, 80, 3.456650
80, 442, 3.585817
442, 80, 3.585817
80, 29, 3.726298
29, 80, 3.726298
80, 229, 4.418203
229, 80, 4.418203
80, 673, 5.142837
673, 80, 5.142837
80, 500, 5.205553
500, 80, 5.205553
81, 302, 0.809450
302, 81, 0.809450
81, 179, 1.271428
179, 81, 1.271428
81, 511, 3.325309
511, 81, 3.325309
81, 641, 3.373248
641, 81, 3.373248
81, 194, 3.580485
194, 81, 3.580485
81, 339, 4.079539
339, 81, 4.079539
81, 596, 4.096134
596, 81, 4.096134
81, 967, 4.144013
967, 81, 4.144013
81, 546, 4.549002
546, 81, 4.549002
81, 324, 5.072303
324, 81, 5.072303
82, 955, 0.766515
955, 82, 0.766515
82, 483, 1.935825
483, 82, 1.935825
82, 373, 1.950304
373, 82, 1.950304
82, 530, 2.100627
530, 82, 2.100627
82, 127, 2.516282
127, 82, 2.516282
82, 128, 3.039921
128, 82, 3.039921
82, 797, 3.970645
797, 82, 3.970645
82, 895, 4.560204
895, 82, 4.560204
82, 47, 4.563508
47, 82, 4.563508
82, 259, 5.392619
259, 82, 5.392619
83, 510, 1.922860
510, 83, 1.922860
83, 249, 2.197086
249, 83, 2.197086
83, 931, 2.649781
931, 83, 2.649781
83, 361, 2.892734
361, 83, 2.892734
83, 322, 2.970935
322, 83, 2.970935
83, 313, 3.756221
313, 83, 3.756221
83, 110, 4.565772
110, 83, 4.565772
83, 154, 5.534556
154, 83, 5.534556
83, 752, 5.575356
752, 83, 5.575356
83, 61, 6.129772
61, 83, 6.129772
84, 570, 1.959220
570, 84, 1.959220
84, 3, 2.681959
3, 84, 2.681959
84, 279, 3.104039
279, 84, 3.104039
84, 367, 4.012154
367, 84, 4.012154
84, 482, 4.242402
482, 84, 4.242402
84, 649, 4.287870
649, 84, 4.287870
84, 586, 4.529955
586, 84, 4.529955
84, 711, 4.766369
711, 84, 4.766369
84, 810, 5.168398
810, 84, 5.168398
84, 882, 5.495453
882, 84, 5.495453
85, 14, 0.938667
14, 85, 0.938667
85, 397, 2.252731
397, 85, 2.252731
85, 708, 2.436794
708, 85, 2.436794
85, 553, 3.222049
553, 85, 3.222049
85, 305, 3.235121
305, 85, 3.235121
85, 405, 3.629452
405, 85, 3.629452
85, 516, 3.671860
516, 85, 3.671860
85, 494, 4.089272
494, 85, 4.089272
85, 216, 4.464698
216, 85, 4.464698
85, 62, 4.532719
62, 85, 4.532719
86, 996, 0.997304
996, 86, 0.997304
86, 717, 1.210235
717, 86, 1.210235
86, 200, 1.377155
200, 86, 1.377155
86, 449, 1.718391
449, 86, 1.718391
86, 567, 1.918477
567, 86, 1.918477
86, 480, 2.382370
480, 86, 2.382370
86, 215, 3.189112
215, 86, 3.189112
86, 680, 3.255230
680, 86, 3.255230
86, 800, 3.750639
800, 86, 3.750639
86, 989, 3.974195
989, 86, 3.974195
87, 233, 0.631317
233, 87, 0.631317
87, 124, 2.409812
124, 87, 2.409812
87, 628, 2.913477
628, 87, 2.913477
87, 469, 3.662263
469, 87, 3.662263
87, 979, 3.821292
979, 87, 3.821292
87, 517, 4.113043
517, 87, 4.113043
87, 260, 5.050569
260, 87, 5.050569
87, 801, 5.092554
801, 87, 5.092554
87, 970, 5.653936
970, 87, 5.653936
87, 550, 7.477629
550, 87, 7.477629
88, 650, 2.576167
650, 88, 2.576167
88, 324, 2.691630
324, 88, 2.691630
88, 559, 2.732425
559, 88, 2.732425
88, 967, 3.071049
967, 88, 3.071049
88, 447, 3.132464
447, 88, 3.132464
88, 221, 3.366007
221, 88, 3.366007
88, 669, 3.421312
669, 88, 3.421312
88, 267, 3.955292
267, 88, 3.955292
88, 546, 4.079389
546, 88, 4.079389
88, 448, 4.897096
448, 88, 4.897096
89, 10, 0.733001
10, 89, 0.733001
89, 32, 1.647913
32, 89, 1.647913
89, 528, 4.317214
528, 89, 4.317214
89, 247, 5.406233
247, 89, 5.406233
89, 981, 5.677212
981, 89, 5.677212
89, 310, 7.807026
310, 89, 7.807026
89, 716, 8.236145
716, 89, 8.236145
89, 916, 8.246298
916, 89, 8.246298
89, 876, 8.589164
876, 89, 8.589164
89, 728, 8.791984
728, 89, 8.791984
90, 356, 0.796354
356, 90, 0.796354
90, 849, 1.402891
849, 90, 1.402891
90, 637, 2.444709
637, 90, 2.444709
90, 4, 3.808665
4, 90, 3.808665
90, 359, 4.486248
359, 90, 4.486248
90, 406, 4.592808
406, 90, 4.592808
90, 189, 4.925862
189, 90, 4.925862
90, 481, 5.053077
481, 90, 5.053077
90, 703, 5.585008
703, 90, 5.585008
90, 60, 5.870861
60, 90, 5.870861
91, 31, 0.761582
31, 91, 0.761582
91, 203, 2.545370
203, 91, 2.545370
91, 747, 2.560901
747, 91, 2.560901
91, 297, 3.029587
297, 91, 3.029587
91, 607, 3.723130
607, 91, 3.723130
91, 374, 4.522525
374, 91, 4.522525
91, 430, 5.051199
430, 91, 5.051199
91, 856, 5.237361
856, 91, 5.237361
91, 270, 5.528279
270, 91, 5.528279
91, 280, 5.538606
280, 91, 5.538606
92, 704, 2.482027
704, 92, 2.482027
92, 983, 3.466742
983, 92, 3.466742
92, 481, 5.496754
481, 92, 5.496754
92, 4, 5.541099
4, 92, 5.541099
92, 849, 7.132824
849, 92, 7.132824
92, 703, 7.290590
703, 92, 7.290590
92, 639, 7.910061
639, 92, 7.910061
92, 90, 8.357430
90, 92, 8.357430
92, 450, 8.385570
450, 92, 8.385570
92, 356, 8.415711
356, 92, 8.415711
93, 827, 0.773671
827, 93, 0.773671
93, 207, 2.559687
207, 93, 2.559687
93, 499, 3.368850
499, 93, 3.368850
93, 140, 3.735574
140, 93, 3.735574
93, 891, 4.827868
891, 93, 4.827868
93, 734, 4.950968
734, 93, 4.950968
93, 939, 5.356441
939, 93, 5.356441
93, 794, 5.377003
794, 93, 5.377003
93, 61, 5.862767
61, 93, 5.862767
93, 751, 6.232402
751, 93, 6.232402
94, 795, 1.267791
795, 94, 1.267791
94, 969, 2.197166
969, 94, 2.197166
94, 732, 3.256526
732, 94, 3.256526
94, 538, 4.103885
538, 94, 4.103885
94, 38, 4.226848
38, 94, 4.226848
94, 169, 4.351466
169, 94, 4.351466
94, 805, 4.862873
805, 94, 4.862873
94, 112, 5.191843
112, 94, 5.191843
94, 958, 5.194022
958, 94, 5.194022
94, 582, 5.374739
582, 94, 5.374739
95, 855, 1.136481
855, 95, 1.136481
95, 727, 1.886494
727, 95, 1.886494
95, 625, 2.386113
625, 95, 2.386113
95, 79, 2.957642
79, 95, 2.957642
95, 888, 3.058058
888, 95, 3.058058
95, 736, 3.460253
736, 95, 3.460253
95, 750, 4.857508
750, 95, 4.857508
95, 286, 5.212026
286, 95, 5.212026
95, 975, 5.877775
975, 95, 5.877775
95, 606, 6.316572
606, 95, 6.316572
96, 932, 1.758366
932, 96, 1.758366
96, 73, 2.186181
73, 96, 2.186181
96, 872, 2.667059
872, 96, 2.667059
96, 298, 3.380261
298, 96, 3.380261
96, 808, 3.478336
808, 96, 3.478336
96, 506, 3.949339
506, 96, 3.949339
96, 386, 4.102575
386, 96, 4.102575
96, 823, 4.280545
823, 96, 4.280545
96, 182, 4.319547
182, 96, 4.319547
96, 312, 4.583302
312, 96, 4.583302
97, 381, 1.478876
381, 97, 1.478876
97, 646, 1.748003
646, 97, 1.748003
97, 818, 2.964590
818, 97, 2.964590
97, 505, 3.011504
505, 97, 3.011504
97, 311, 3.304959
311, 97, 3.304959
97, 746, 3.364332
746, 97, 3.364332
97, 866, 3.364689
866, 97, 3.364689
97, 656, 3.968931
656, 97, 3.968931
97, 972, 4.243372
972, 97, 4.243372
97, 684, 4.954125
684, 97, 4.954125
98, 920, 2.755536
920, 98, 2.755536
98, 943, 2.950184
943, 98, 2.950184
98, 710, 3.038647
710, 98, 3.038647
98, 859, 4.064519
859, 98, 4.064519
98, 476, 4.276039
476, 98, 4.276039
98, 54, 4.901875
54, 98, 4.901875
98, 871, 4.986213
871, 98, 4.986213
98, 652, 5.228087
652, 98, 5.228087
98, 737, 5.247902
737, 98, 5.247902
98, 295, 5.340552
295, 98, 5.340552
99, 138, 0.537624
138, 99, 0.537624
99, 799, 1.037795
799, 99, 1.037795
99, 917, 2.003419
917, 99, 2.003419
99, 344, 2.051808
344, 99, 2.051808
99, 728, 2.315700
728, 99, 2.315700
99, 876, 2.922623
876, 99, 2.922623
99, 745, 3.479190
745, 99, 3.479190
99, 168, 6.388961
168, 99, 6.388961
99, 23, 6.621127
23, 99, 6.621127
99, 768, 7.172502
768, 99, 7.172502
100, 608, 0.403987
608, 100, 0.403987
100, 453, 2.886249
453, 100, 2.886249
100, 439, 2.978254
439, 100, 2.978254
100, 133, 3.384536
133, 100, 3.384536
100, 471, 3.616360
471, 100, 3.616360
100, 644, 3.678241
644, 100, 3.678241
100, 611, 3.872417
611, 100, 3.872417
100, 823, 4.464849
823, 100, 4.464849
100, 182, 4.683912
182, 100, 4.683912
100, 386, 5.457673
386, 100, 5.457673
101, 293, 0.239785
293, 101, 0.239785
101, 575, 2.562960
575, 101, 2.562960
101, 995, 2.927126
995, 101, 2.927126
101, 180, 2.934151
180, 101, 2.934151
101, 501, 3.896929
501, 101, 3.896929
101, 216, 4.004309
216, 101, 4.004309
101, 894, 4.067777
894, 101, 4.067777
101, 62, 4.072441
62, 101, 4.072441
101, 397, 5.013273
397, 101, 5.013273
101, 305, 5.437554
305, 101, 5.437554
102, 624, 0.934239
624, 102, 0.934239
102, 291, 2.429370
291, 102, 2.429370
102, 576, 3.015852
576, 102, 3.015852
102, 908, 3.614152
908, 102, 3.614152
102, 484, 4.761972
484, 102, 4.761972
102, 414, 5.188020
414, 102, 5.188020
102, 638, 5.221516
638, 102, 5.221516
102, 212, 5.750101
212, 102, 5.750101
102, 67, 6.116737
67, 102, 6.116737
102, 807, 6.467452
807, 102, 6.467452
103, 751, 2.625177
751, 103, 2.625177
103, 794, 3.619391
794, 103, 3.619391
103, 911, 4.360147
911, 103, 4.360147
103, 432, 5.377861
432, 103, 5.377861
103, 891, 5.815954
891, 103, 5.815954
103, 499, 5.871024
499, 103, 5.871024
103, 140, 6.084542
140, 103, 6.084542
103, 207, 6.497645
207, 103, 6.497645
103, 886, 6.769888
886, 103, 6.769888
103, 561, 7.129651
561, 103, 7.129651
104, 254, 1.106063
254, 104, 1.106063
104, 535, 2.644912
535, 104, 2.644912
104, 965, 2.709508
965, 104, 2.709508
104, 160, 3.058160
160, 104, 3.058160
104, 289, 3.121049
289, 104, 3.121049
104, 338, 4.003676
338, 104, 4.003676
104, 197, 4.021187
197, 104, 4.021187
104, 544, 4.180407
544, 104, 4.180407
104, 721, 4.520995
721, 104, 4.520995
104, 950, 4.576571
950, 104, 4.576571
105, 990, 1.927967
990, 105, 1.927967
105, 48, 1.989989
48, 105, 1.989989
105, 393, 2.399473
393, 105, 2.399473
105, 228, 2.776971
228, 105, 2.776971
105, 985, 3.600750
985, 105, 3.600750
105, 889, 5.886258
889, 105, 5.886258
105, 376, 6.230883
376, 105, 6.230883
105, 387, 6.488548
387, 105, 6.488548
105, 170, 6.530423
170, 105, 6.530423
105, 841, 6.565200
841, 105, 6.565200
106, 614, 0.211754
614, 106, 0.211754
106, 784, 3.180171
784, 106, 3.180171
106, 735, 3.242290
735, 106, 3.242290
106, 491, 3.394452
491, 106, 3.394452
106, 492, 4.053431
492, 106, 4.053431
106, 20, 5.184616
20, 106, 5.184616
106, 372, 5.932182
372, 106, 5.932182
106, 231, 6.066653
231, 106, 6.066653
106, 18, 6.832640
18, 106, 6.832640
106, 938, 7.028478
938, 106, 7.028478
107, 787, 2.000681
787, 107, 2.000681
107, 659, 2.550715
659, 107, 2.550715
107, 839, 2.912635
839, 107, 2.912635
107, 760, 2.975309
760, 107, 2.975309
107, 612, 3.066271
612, 107, 3.066271
107, 114, 3.280368
114, 107, 3.280368
107, 360, 3.352619
360, 107, 3.352619
107, 223, 3.466898
223, 107, 3.466898
107, 177, 3.701223
177, 107, 3.701223
107, 152, 4.627277
152, 107, 4.627277
108, 303, 2.650486
303, 108, 2.650486
108, 152, 2.684552
152, 108, 2.684552
108, 111, 3.210361
111, 108, 3.210361
108, 774, 3.339836
774, 108, 3.339836
108, 357, 3.560690
357, 108, 3.560690
108, 860, 3.713062
860, 108, 3.713062
108, 223, 3.714784
223, 108, 3.714784
108, 531, 3.768145
531, 108, 3.768145
108, 177, 4.092186
177, 108, 4.092186
108, 654, 4.491753
654, 108, 4.491753
109, 190, 1.662773
190, 109, 1.662773
109, 613, 1.687186
613, 109, 1.687186
109, 909, 1.856465
909, 109, 1.856465
109, 264, 2.320169
264, 109, 2.320169
109, 62, 2.681055
62, 109, 2.681055
109, 553, 3.116533
553, 109, 3.116533
109, 494, 3.210760
494, 109, 3.210760
109, 437, 3.546751
437, 109, 3.546751
109, 14, 4.502170
14, 109, 4.502170
109, 85, 4.755202
85, 109, 4.755202
110, 154, 1.978639
154, 110, 1.978639
110, 446, 2.160224
446, 110, 2.160224
110, 931, 3.819241
931, 110, 3.819241
110, 313, 3.848897
313, 110, 3.848897
110, 670, 3.931703
670, 110, 3.931703
110, 361, 4.032590
361, 110, 4.032590
110, 83, 4.565772
83, 110, 4.565772
110, 997, 4.690796
997, 110, 4.690796
110, 702, 5.003085
702, 110, 5.003085
110, 422, 5.129270
422, 110, 5.129270
111, 612, 2.417261
612, 111, 2.417261
111, 223, 2.823327
223, 111, 2.823327
111, 152, 3.010073
152, 111, 3.010073
111, 108, 3.210361
108, 111, 3.210361
111, 787, 3.477854
787, 111, 3.477854
111, 531, 3.524579
531, 111, 3.524579
111, 968, 3.526212
968, 111, 3.526212
111, 177, 4.147988
177, 111, 4.147988
111, 178, 4.311536
178, 111, 4.311536
111, 760, 4.363888
760, 111, 4.363888
112, 732, 1.936022
732, 112, 1.936022
112, 964, 3.301768
964, 112, 3.301768
112, 169, 3.551665
169, 112, 3.551665
112, 141, 3.642347
141, 112, 3.642347
112, 929, 4.982976
929, 112, 4.982976
112, 795, 5.096288
